t ca2er ca2i ip3 s000 s001 s010 s011 s100 s101 s110 s111
0 1053875 151801 61468 11 5 33 16 9 1 25 2
0.1 1075081 130590 61467 10 4 31 19 7 0 30 1
0.2 1094406 111273 61470 10 7 36 14 10 2 22 1
0.3 1107190 98480 61466 4 6 35 18 11 0 27 1
0.4 1118655 87017 61472 14 4 34 17 5 0 24 4
0.5 1131088 74586 61472 9 4 36 20 11 0 22 0
0.6 1140056 65622 61460 10 4 28 15 12 2 28 3
0.7 1145311 60368 61472 19 4 30 16 6 0 23 4
0.8 1149692 55991 61466 14 4 27 18 15 1 21 2
0.9 1152134 53548 61471 16 6 29 17 10 1 22 1
1 1154197 51494 61468 19 9 22 15 13 1 23 0
1.1 1159090 46600 61466 17 6 22 18 17 2 20 0
1.2 1160825 44868 61467 18 11 20 15 16 0 22 0
1.3 1163871 41829 61461 19 9 17 13 21 3 19 1
1.4 1165564 40141 61468 24 14 17 10 18 0 18 1
1.5 1166550 39153 61468 25 12 19 9 16 1 17 3
1.6 1167047 38655 61472 24 12 23 10 16 1 14 2
1.7 1167849 37853 61467 22 8 23 11 19 4 13 2
1.8 1168167 37537 61475 22 12 27 11 20 1 8 1
1.9 1168719 36985 61475 22 13 28 9 18 2 9 1
2 1168404 37300 61467 22 14 20 8 18 0 18 2
2.1 1167804 37894 61468 18 7 26 14 20 3 14 0
2.2 1167675 38028 61459 21 7 18 10 21 3 19 3
2.3 1167457 38240 61465 23 10 19 10 13 0 24 3
2.4 1166209 39495 61470 31 9 14 13 13 0 21 1
2.5 1165744 39959 61476 25 10 26 12 17 0 11 1
2.6 1166052 39646 61465 20 8 23 11 16 3 20 1
2.7 1165465 40234 61471 19 13 27 9 17 0 15 2
2.8 1166003 39698 61468 22 9 21 13 18 3 16 0
2.9 1166084 39620 61473 26 14 21 9 15 1 14 2
3 1165941 39762 61456 20 14 12 7 19 2 25 3
3.1 1164934 40764 61468 20 13 22 10 15 1 20 1
3.2 1164805 40893 61469 20 12 21 13 18 0 17 1
3.3 1167059 38647 61469 26 11 19 10 20 1 11 4
3.4 1168665 37044 61465 24 14 14 10 22 2 15 1
3.5 1169011 36695 61465 21 13 19 9 23 2 12 3
3.6 1169223 36484 61470 23 14 19 11 21 2 12 0
3.7 1169401 36303 61473 25 14 19 12 17 1 14 0
3.8 1168780 36929 61467 23 15 18 8 21 4 12 1
3.9 1168328 37374 61470 20 16 22 9 18 2 14 1
4 1168965 36743 61468 25 14 15 11 21 2 13 1
4.1 1169701 36004 61473 30 13 14 13 16 0 14 2
4.2 1169624 36082 61468 24 12 16 13 21 3 13 0
4.3 1169622 36082 61471 24 13 18 13 21 0 11 2
4.4 1169419 36280 61476 28 8 21 16 15 2 10 2
4.5 1170027 35674 61471 27 8 21 12 17 3 9 5
4.6 1170131 35573 61471 25 11 20 12 20 2 9 3
4.7 1170356 35347 61467 20 12 19 13 25 0 10 3
4.8 1169840 35863 61467 25 14 15 10 19 0 14 5
4.9 1169368 36331 61473 22 12 22 14 18 1 12 1
5 1169459 36242 61474 25 15 20 11 15 0 14 2
5.1 1169107 36592 61472 24 14 19 12 15 0 16 2
5.2 1167722 37975 61477 24 14 23 13 13 0 14 1
5.3 1166955 38742 61468 20 13 20 12 17 1 17 2
5.4 1166321 39375 61464 21 11 17 12 15 3 21 2
5.5 1167272 38421 61471 18 12 23 15 16 1 17 0
5.6 1166317 39376 61471 22 12 22 12 12 1 18 3
5.7 1167126 38576 61474 25 14 20 12 16 1 13 1
5.8 1168177 37523 61467 20 12 18 14 21 1 15 1
5.9 1168962 36739 61469 20 15 20 11 20 0 14 2
6 1168251 37448 61472 22 13 20 14 18 0 14 1
6.1 1168335 37366 61469 24 11 16 15 20 0 14 2
6.2 1168852 36846 61475 29 8 18 17 13 2 14 1
6.3 1169436 36269 61473 24 12 22 12 21 1 8 2
6.4 1169612 36096 61473 26 14 20 10 20 1 9 2
6.5 1170172 35538 61477 33 13 17 11 14 3 11 0
6.6 1170138 35566 61466 22 13 17 11 21 1 15 2
6.7 1169948 35756 61471 26 12 17 13 18 2 13 1
6.8 1169745 35953 61471 21 12 21 14 18 1 14 1
6.9 1169185 36515 61479 22 16 27 11 16 0 9 1
7 1169143 36563 61472 24 16 20 9 18 2 12 1
7.1 1167959 37741 61468 23 15 16 11 14 2 21 0
7.2 1167245 38460 61465 25 12 16 9 16 6 17 1
7.3 1168324 37382 61476 28 17 18 10 14 1 14 0
7.4 1167700 38002 61468 22 11 21 11 17 6 14 0
7.5 1168321 37387 61461 22 15 12 9 21 4 19 0
7.6 1169328 36385 61468 22 17 17 9 26 2 9 0
7.7 1169784 35925 61468 24 13 17 11 23 2 11 1
7.8 1170169 35543 61476 31 16 16 10 17 1 11 0
7.9 1170333 35373 61474 24 18 20 9 17 0 14 0
8 1168384 37319 61466 20 17 18 8 17 2 20 0
8.1 1168170 37532 61476 25 12 23 13 16 2 11 0
8.2 1168230 37470 61473 24 13 21 12 15 1 15 1
8.3 1169123 36586 61473 29 14 19 8 17 2 10 3
8.4 1169237 36468 61472 26 16 20 7 15 2 13 3
8.5 1169038 36671 61470 23 15 20 9 22 3 9 1
8.6 1169814 35891 61474 23 14 22 12 21 1 8 1
8.7 1169614 36091 61465 22 12 17 11 23 2 12 3
8.8 1169840 35871 61458 21 14 8 12 28 1 18 0
8.9 1170453 35255 61469 23 15 19 9 22 1 11 2
9 1169919 35785 61458 17 11 16 11 26 3 16 2
9.1 1169882 35829 61474 30 14 16 11 18 2 11 0
9.2 1169785 35924 61471 28 13 16 11 19 2 12 1
9.3 1169160 36542 61470 23 14 20 10 16 3 15 1
9.4 1167964 37739 61461 21 14 14 9 18 4 21 1
9.5 1166824 38882 61468 21 20 16 8 19 0 18 0
9.6 1167336 38369 61468 23 18 16 8 16 2 19 0
9.7 1167416 38297 61465 23 18 16 5 25 0 11 4
9.8 1168893 36817 61467 23 18 16 7 22 0 14 2
9.9 1169414 36297 61467 26 16 14 8 21 1 14 2
10 1168950 36760 61471 31 16 10 11 16 0 18 0
10.1 1169847 35869 61468 28 15 11 11 25 1 11 0
10.2 1170347 35362 61479 27 18 22 9 18 0 7 1
10.3 1170142 35564 61467 22 17 19 6 19 2 14 3
10.4 1169809 35904 61479 31 19 17 9 17 0 9 0
10.5 1170587 35130 61473 33 12 15 10 21 4 6 1
10.6 1171075 34641 61472 29 16 15 9 24 0 7 2
10.7 1171261 34455 61467 31 13 10 10 23 2 11 2
10.8 1171174 34539 61467 27 14 12 11 24 1 12 1
10.9 1170658 35053 61468 27 16 13 9 20 1 15 1
11 1170039 35668 61467 24 13 15 12 21 2 15 0
11.1 1169815 35892 61471 27 12 17 12 18 3 13 0
11.2 1170485 35224 61466 24 12 15 12 23 3 13 0
11.3 1169850 35857 61474 32 13 17 9 12 3 14 2
11.4 1168678 37029 61475 26 16 21 9 17 1 11 1
11.5 1167537 38172 61470 22 16 20 9 22 1 12 0
11.6 1167575 38135 61466 23 15 16 9 22 2 15 0
11.7 1168220 37483 61462 20 12 17 10 20 3 19 1
11.8 1168206 37495 61472 25 14 20 10 13 1 18 1
11.9 1166801 38896 61460 15 12 21 9 19 3 21 2
12 1166568 39137 61473 28 16 17 9 12 1 19 0
12.1 1167579 38128 61469 22 14 20 10 21 2 13 0
12.2 1167324 38382 61463 21 13 16 10 23 1 16 2
12.3 1168100 37601 61461 22 13 15 8 18 0 21 5
12.4 1167242 38460 61472 20 16 23 10 18 0 15 0
12.5 1167005 38699 61464 16 12 22 11 26 2 12 1
12.6 1166898 38804 61469 18 12 23 13 23 0 13 0
12.7 1167377 38328 61475 25 13 22 12 18 0 12 0
12.8 1168376 37333 61469 25 14 18 9 21 1 12 2
12.9 1169118 36585 61476 25 14 24 10 15 1 12 1
13 1169209 36490 61472 20 13 25 11 17 1 14 1
13.1 1167561 38140 61477 27 15 23 9 11 0 15 2
13.2 1168132 37568 61470 23 12 22 10 15 3 15 2
13.3 1168557 37142 61477 22 12 30 10 14 4 9 1
13.4 1167570 38126 61471 24 14 22 8 9 1 21 3
13.5 1166926 38773 61469 21 14 22 9 14 2 19 1
13.6 1167766 37938 61472 22 15 24 8 18 1 12 2
13.7 1168574 37127 61467 18 11 25 10 21 3 12 2
13.8 1168508 37199 61462 21 12 15 11 24 2 16 1
13.9 1169180 36526 61458 18 12 14 11 25 2 20 0
14 1168895 36816 61465 23 12 19 8 25 2 10 3
14.1 1169444 36268 61469 28 13 14 11 21 1 14 0
14.2 1169881 35834 61460 26 13 10 8 24 3 17 1
14.3 1170332 35386 61469 33 12 11 10 21 3 12 0
14.4 1170521 35193 61464 29 12 10 10 21 3 17 0
14.5 1170018 35693 61471 28 14 21 5 19 1 9 5
14.6 1170474 35242 61461 23 16 12 7 27 1 15 1
14.7 1170326 35385 61468 25 15 18 7 20 1 15 1
14.8 1170430 35281 61477 28 16 22 8 17 1 10 0
14.9 1170280 35430 61469 25 14 20 7 19 3 13 1
15 1169598 36115 61471 31 14 15 8 17 2 14 1
15.1 1169660 36056 61468 29 15 11 10 23 0 14 0
15.2 1170246 35471 61463 24 15 12 9 28 1 13 0
15.3 1170360 35352 61471 29 11 17 11 20 3 11 0
15.4 1169610 36100 61469 28 13 15 10 19 1 15 1
15.5 1169767 35942 61472 27 13 20 9 19 1 11 2
15.6 1169732 35978 61474 27 14 22 8 19 1 9 2
15.7 1169274 36432 61474 25 16 22 8 16 0 14 1
15.8 1167178 38521 61469 22 16 19 9 12 0 24 0
15.9 1165785 39913 61471 15 16 28 9 18 0 16 0
16 1164061 41634 61469 20 14 23 9 10 2 24 0
16.1 1163960 41740 61465 15 14 28 5 17 4 18 1
16.2 1164770 40929 61472 20 13 28 8 14 1 17 1
16.3 1164652 41047 61459 16 14 19 7 17 1 27 1
16.4 1164662 41041 61475 28 13 22 9 10 1 19 0
16.5 1166319 39387 61464 16 13 24 8 24 2 15 0
16.6 1166341 39362 61468 22 15 21 7 15 0 21 1
16.7 1164805 40892 61464 15 11 27 8 17 3 20 1
16.8 1163452 42248 61474 22 13 27 9 13 0 18 0
16.9 1165608 40097 61467 21 10 23 10 20 2 16 0
17 1167123 38586 61475 29 10 23 10 16 2 12 0
17.1 1167658 38052 61470 27 14 20 6 16 1 17 1
17.2 1168088 37620 61469 21 14 25 6 20 1 14 1
17.3 1168335 37373 61471 23 15 24 6 17 1 16 0
17.4 1167732 37976 61461 18 13 21 6 23 2 18 1
17.5 1166805 38899 61467 22 12 23 7 16 1 20 1
17.6 1165677 40031 61466 24 13 19 7 17 1 21 0
17.7 1165575 40137 61470 24 12 26 5 20 3 11 1
17.8 1166864 38840 61478 26 14 28 7 11 0 16 0
17.9 1166565 39138 61461 16 11 25 6 21 2 19 2
18 1165393 40308 61468 18 12 28 7 17 1 18 1
18.1 1161728 43967 61467 15 11 29 9 16 0 21 1
18.2 1162663 43029 61472 17 10 33 9 12 1 18 2
18.3 1163631 42060 61468 16 8 31 10 13 2 20 2
18.4 1162759 42934 61469 15 13 30 8 14 0 20 2
18.5 1161905 43790 61468 22 9 22 12 12 1 23 1
18.6 1163789 41916 61470 23 10 24 10 18 2 15 0
18.7 1166196 39515 61465 24 10 18 10 23 2 15 0
18.8 1167110 38595 61477 26 10 27 11 16 1 11 0
18.9 1167867 37837 61473 27 9 22 12 15 0 17 0
19 1168248 37461 61467 21 9 25 9 25 1 10 2
19.1 1168857 36857 61472 29 10 21 9 20 2 11 0
19.2 1168853 36865 61472 35 12 14 8 17 1 15 0
19.3 1168932 36783 61463 28 11 15 6 21 1 18 2
19.4 1168369 37344 61465 25 10 20 7 22 2 15 1
19.5 1168318 37396 61463 23 13 20 4 24 0 15 3
19.6 1167903 37813 61468 29 13 18 5 19 1 16 1
19.7 1168430 37288 61474 33 13 19 6 17 1 13 0
19.8 1169022 36698 61460 26 12 14 5 27 1 15 2
19.9 1168636 37077 61458 20 11 16 8 27 1 19 0
20 1167719 37991 61469 29 10 20 7 15 2 18 1
20.1 1168160 37551 61473 26 12 25 7 19 0 12 1
20.2 1167728 37985 61460 22 12 17 6 23 2 20 0
20.3 1167905 37811 61459 25 11 15 5 23 3 19 1
20.4 1168131 37586 61471 32 8 19 9 20 3 11 0
20.5 1169128 36587 61452 19 9 13 8 31 2 19 1
20.6 1168539 37175 61457 18 9 21 6 30 3 13 2
20.7 1169113 36599 61472 28 12 22 7 18 0 14 1
20.8 1168577 37137 61467 29 12 16 7 18 1 19 0
20.9 1168421 37294 61469 28 11 20 7 21 2 12 1
21 1168416 37294 61456 19 12 16 6 24 1 23 1
21.1 1168102 37613 61466 28 16 16 3 16 1 22 0
21.2 1167479 38230 61465 21 13 24 4 19 2 18 1
21.3 1165511 40201 61463 24 10 19 7 22 2 17 1
21.4 1166117 39594 61464 24 10 19 8 22 1 17 1
21.5 1165590 40125 61468 30 10 18 7 18 2 17 0
21.6 1167100 38619 61465 24 14 19 5 26 0 14 0
21.7 1167081 38632 61472 26 12 25 6 19 1 13 0
21.8 1168065 37644 61468 28 12 18 7 14 0 23 0
21.9 1166956 38753 61469 26 12 22 6 16 0 19 1
22 1167434 38280 61467 28 12 17 7 19 1 18 0
22.1 1168127 37588 61462 29 12 11 7 20 0 22 1
22.2 1167780 37937 61472 32 11 17 9 20 0 13 0
22.3 1167740 37978 61466 30 11 15 7 21 1 17 0
22.4 1168450 37266 61460 26 9 16 6 23 3 18 1
22.5 1167814 37903 61464 28 6 17 10 25 3 13 0
22.6 1168653 37067 61465 28 8 18 8 27 2 10 1
22.7 1169896 35824 61470 26 11 23 7 28 0 6 1
22.8 1169896 35818 61467 26 10 21 7 22 1 14 1
22.9 1169824 35885 61474 32 8 22 9 12 2 17 0
23 1168421 37289 61464 25 9 18 9 20 1 20 0
23.1 1166996 38715 61472 28 11 21 9 18 0 15 0
23.2 1167471 38237 61474 26 10 26 9 17 1 13 0
23.3 1167044 38666 61473 27 8 25 10 20 1 10 1
23.4 1168268 37450 61468 26 10 20 9 27 1 9 0
23.5 1168129 37580 61466 24 12 19 8 19 0 20 0
23.6 1168046 37663 61467 23 10 23 8 22 0 14 2
23.7 1166883 38825 61474 29 9 23 10 15 0 16 0
23.8 1166330 39380 61463 22 8 21 9 23 2 17 0
23.9 1166942 38771 61459 20 11 19 6 26 2 17 1
24 1167123 38588 61467 22 12 23 7 23 0 14 1
24.1 1167778 37935 61469 28 12 18 8 19 0 17 0
24.2 1167700 38011 61470 27 14 20 6 17 0 17 1
24.3 1168443 37271 61466 28 13 16 6 18 2 19 0
24.4 1168517 37199 61473 28 16 22 4 18 1 13 0
24.5 1168762 36952 61467 25 15 20 4 20 1 16 1
24.6 1168101 37607 61466 20 14 22 7 21 1 17 0
24.7 1167777 37935 61482 37 13 20 9 10 0 13 0
24.8 1168336 37379 61465 24 12 19 7 25 2 12 1
24.9 1169291 36423 61473 31 12 19 8 18 0 13 1
25 1169365 36350 61455 18 12 15 7 31 0 18 1
25.1 1169334 36376 61476 31 10 22 10 15 0 14 0
25.2 1168754 36953 61468 23 9 24 9 20 1 15 1
25.3 1167893 37814 61463 23 9 21 7 19 2 19 2
25.4 1168008 37694 61466 19 10 28 6 16 3 19 1
25.5 1167110 38594 61466 19 11 27 6 19 1 17 2
25.6 1166470 39238 61468 23 13 23 6 17 0 20 0
25.7 1164611 41100 61462 20 12 22 5 24 0 17 2
25.8 1165668 40044 61466 28 9 21 5 16 4 18 1
25.9 1166748 38969 61463 24 14 18 4 23 2 17 0
26 1168117 37602 61468 23 15 25 2 25 2 9 1
26.1 1168318 37400 61471 30 14 21 3 19 1 12 2
26.2 1168583 37133 61465 25 12 17 8 25 0 15 0
26.3 1168796 36919 61466 30 11 14 8 19 1 19 0
26.4 1168526 37187 61473 32 9 19 10 17 1 14 0
26.5 1168363 37346 61470 29 8 22 8 17 1 14 3
26.6 1168532 37175 61466 26 7 19 11 19 2 17 1
26.7 1168871 36842 61465 26 8 17 11 25 1 13 1
26.8 1168117 37592 61468 29 8 16 12 18 1 18 0
26.9 1168511 37196 61473 31 6 18 15 17 0 15 0
27 1169212 36498 61473 28 8 21 13 21 0 11 0
27.1 1169291 36426 61463 31 8 11 10 23 2 16 1
27.2 1168731 36980 61462 24 8 18 9 22 4 17 0
27.3 1168080 37631 61458 18 10 17 10 30 0 16 1
27.4 1168954 36760 61471 30 10 17 11 21 0 13 0
27.5 1168985 36730 61467 30 9 14 11 22 1 15 0
27.6 1169357 36355 61467 25 10 22 7 22 1 13 2
27.7 1168441 37273 61476 32 13 23 5 14 1 13 1
27.8 1167452 38255 61468 23 12 23 7 17 1 19 0
27.9 1166792 38920 61468 27 12 21 5 18 2 15 2
28 1167769 37942 61468 22 14 22 7 22 0 15 0
28.1 1168447 37264 61477 28 13 26 7 16 1 11 0
28.2 1168835 36877 61473 28 13 22 7 17 1 14 0
28.3 1169507 36205 61471 29 13 20 6 17 1 14 2
28.4 1168988 36726 61472 29 13 18 9 20 0 13 0
28.5 1168917 36792 61469 34 11 13 8 13 0 19 4
28.6 1169620 36092 61469 28 8 19 11 23 2 9 2
28.7 1169716 35998 61465 28 9 13 12 25 1 13 1
28.8 1169384 36332 61473 31 15 17 7 18 1 13 0
28.9 1169685 36024 61461 20 12 18 8 23 3 18 0
29 1169530 36185 61466 25 16 16 6 23 0 15 1
29.1 1169054 36661 61469 27 16 17 6 20 1 15 0
29.2 1169226 36489 61473 26 15 22 7 23 0 8 1
29.3 1169642 36074 61473 31 15 17 7 18 1 13 0
29.4 1169291 36423 61469 27 13 19 7 21 1 13 1
29.5 1168632 37076 61477 27 13 26 8 16 1 10 1
29.6 1169008 36706 61471 28 16 18 6 18 1 15 0
29.7 1168304 37405 61469 27 14 19 6 15 2 18 1
29.8 1167488 38226 61469 25 17 19 5 20 1 15 0
29.9 1168453 37258 61472 27 12 21 9 19 2 12 0
30 1168338 37374 61468 28 14 16 7 17 2 18 0
30.1 1169182 36535 61470 29 16 16 6 20 1 14 0
30.2 1169703 36017 61475 33 14 19 6 20 2 7 1
30.3 1170296 35426 61471 31 14 17 6 24 1 8 1
30.4 1170529 35192 61467 31 13 14 6 22 3 13 0
30.5 1170474 35243 61475 38 14 13 7 13 1 15 1
30.6 1170534 35181 61475 36 13 17 6 14 2 11 3
30.7 1170197 35520 61465 32 12 10 8 20 2 17 1
30.8 1169698 36018 61462 23 13 16 7 28 1 12 2
30.9 1170071 35644 61477 32 15 21 6 16 1 10 1
31 1170176 35541 61463 25 14 15 6 24 3 15 0
31.1 1169988 35737 61471 33 17 13 5 23 1 10 0
31.2 1170307 35412 61469 27 16 18 5 23 2 11 0
31.3 1170712 35006 61468 30 12 16 7 22 3 11 1
31.4 1170695 35018 61470 23 14 23 7 23 2 10 0
31.5 1169972 35741 61466 25 15 17 6 20 2 17 0
31.6 1169263 36448 61476 31 15 24 3 12 1 13 3
31.7 1168408 37307 61466 28 14 17 4 19 2 16 2
31.8 1168609 37099 61467 23 12 21 8 19 2 17 0
31.9 1167418 38287 61467 26 9 19 10 17 1 18 2
32 1166700 39005 61466 21 11 22 9 20 1 17 1
32.1 1166932 38772 61468 24 5 22 14 21 2 13 1
32.2 1167080 38626 61472 31 6 19 13 15 2 15 1
32.3 1168187 37519 61477 31 7 23 13 16 0 10 2
32.4 1168667 37039 61464 24 6 19 12 24 0 13 4
32.5 1169036 36670 61461 26 5 15 12 22 1 17 4
32.6 1167133 38568 61470 21 8 25 13 19 1 15 0
32.7 1167047 38659 61464 24 9 17 11 19 2 20 0
32.8 1167574 38131 61475 31 8 20 13 14 0 15 1
32.9 1167501 38205 61462 23 9 17 10 21 1 19 2
33 1167930 37780 61463 24 8 17 11 24 2 15 1
33.1 1168678 37035 61476 32 9 22 10 18 2 8 1
33.2 1168669 37042 61460 22 9 13 13 29 0 15 1
33.3 1169405 36305 61463 25 10 13 12 24 0 17 1
33.4 1169577 36129 61474 29 5 23 14 18 2 10 1
33.5 1168565 37141 61462 25 7 14 13 22 0 19 2
33.6 1168977 36729 61474 32 6 18 15 16 0 14 1
33.7 1169110 36591 61461 21 7 17 13 21 0 21 2
33.8 1167850 37856 61470 30 10 17 10 12 2 21 0
33.9 1168448 37253 61459 21 7 16 12 21 0 22 3
34 1167167 38536 61462 21 7 18 13 21 2 20 0
34.1 1168112 37594 61469 23 7 25 11 21 3 11 1
34.2 1168850 36858 61472 26 10 22 11 20 0 12 1
34.3 1168794 36918 61470 26 10 21 10 23 1 10 1
34.4 1168996 36708 61469 19 9 26 12 23 1 12 0
34.5 1169526 36183 61477 28 11 26 9 16 2 10 0
34.6 1169002 36707 61473 27 14 21 8 16 0 16 0
34.7 1166798 38915 61471 28 12 22 6 19 0 13 2
34.8 1167760 37959 61478 32 13 23 7 20 0 7 0
34.9 1168614 37108 61472 34 14 17 4 19 1 12 1
35 1169488 36231 61462 27 13 14 5 24 1 17 1
35.1 1168671 37046 61466 30 12 17 4 19 2 16 2
35.2 1168882 36836 61467 29 12 16 7 22 1 15 0
35.3 1168598 37114 61475 31 13 21 7 14 0 16 0
35.4 1167290 38421 61465 23 8 24 7 22 4 13 1
35.5 1166471 39238 61463 27 8 18 7 17 3 20 2
35.6 1166994 38721 61462 31 10 10 8 19 0 23 1
35.7 1168044 37669 61465 27 8 20 7 21 2 15 2
35.8 1167251 38459 61470 30 10 18 9 15 0 20 0
35.9 1167684 38030 61473 35 8 19 8 15 1 14 2
36 1168780 36929 61466 25 4 24 10 23 2 11 3
36.1 1168273 37435 61477 29 7 27 11 16 1 11 0
36.2 1168477 37236 61459 22 10 19 5 23 3 19 1
36.3 1167222 38493 61466 28 12 19 4 18 1 19 1
36.4 1168256 37461 61469 30 11 19 6 20 0 15 1
36.5 1168389 37326 61464 26 7 20 8 24 2 14 1
36.6 1168946 36774 61469 31 8 19 8 23 1 12 0
36.7 1168743 36976 61462 30 8 14 7 22 1 20 0
36.8 1169039 36682 61475 34 9 23 6 19 1 10 0
36.9 1168984 36736 61467 29 9 19 7 24 0 14 0
37 1169522 36199 61467 31 10 18 5 23 0 13 2
37.1 1169532 36184 61458 27 7 12 9 25 0 21 1
37.2 1169210 36505 61465 24 10 22 6 23 1 16 0
37.3 1167600 38111 61457 22 8 18 6 22 2 23 1
37.4 1166627 39085 61469 27 11 23 5 18 0 16 2
37.5 1167671 38042 61463 22 10 24 4 24 1 14 3
37.6 1167244 38468 61470 29 11 20 7 16 0 19 0
37.7 1167660 38060 61467 27 11 19 7 26 0 12 0
37.8 1168551 37167 61472 29 9 25 6 21 3 9 0
37.9 1167702 38014 61461 31 8 12 7 19 2 22 1
38 1168780 36943 61471 34 11 18 5 20 2 12 0
38.1 1169676 36042 61463 28 9 15 8 24 1 17 0
38.2 1169642 36079 61479 33 12 26 5 19 0 7 0
38.3 1169013 36704 61467 28 10 20 6 22 0 15 1
38.4 1169118 36600 61464 27 12 18 4 23 0 16 2
38.5 1168902 36820 61462 30 13 13 3 22 1 19 1
38.6 1168874 36847 61468 35 13 14 3 16 1 19 1
38.7 1168589 37129 61465 22 13 22 5 27 0 13 0
38.8 1168184 37534 61467 29 11 18 6 21 1 16 0
38.9 1168530 37186 61474 31 10 24 6 17 2 12 0
39 1168583 37136 61467 26 10 23 5 26 1 9 2
39.1 1168169 37542 61465 26 10 18 8 19 0 21 0
39.2 1167474 38237 61465 22 11 24 5 21 1 17 1
39.3 1168643 37072 61473 29 8 25 8 20 2 10 0
39.4 1169869 35854 61464 29 10 15 7 28 0 12 1
39.5 1169981 35738 61464 30 11 14 6 21 1 19 0
39.6 1169862 35854 61462 23 14 19 3 23 0 19 1
39.7 1168460 37256 61462 22 11 22 4 25 1 16 1
39.8 1168150 37564 61469 26 9 27 4 18 4 14 0
39.9 1168038 37678 61474 28 12 29 2 17 2 11 1
40 1167659 38059 61461 28 11 15 4 21 1 21 1
40.1 1167808 37910 61465 22 10 26 4 27 2 10 1
40.2 1168023 37690 61461 21 11 20 6 25 0 18 1
40.3 1167855 37857 61459 21 11 18 6 24 0 21 1
40.4 1166766 38944 61470 27 8 25 7 17 2 15 1
40.5 1167862 37854 61466 29 7 20 7 21 3 14 1
40.6 1168690 37026 61471 29 8 23 8 22 1 10 1
40.7 1167941 37770 61462 26 7 17 9 21 1 20 1
40.8 1168234 37480 61465 29 7 16 10 22 0 17 1
40.9 1168405 37311 61471 35 9 16 8 16 0 17 1
41 1168172 37543 61465 28 9 18 7 21 0 18 1
41.1 1168358 37362 61464 29 11 17 4 23 0 16 2
41.2 1168969 36751 61474 30 12 24 5 21 0 10 0
41.3 1169077 36638 61468 30 9 20 6 18 1 17 1
41.4 1168612 37100 61468 22 11 27 5 21 1 15 0
41.5 1167356 38362 61466 31 11 19 2 17 2 18 2
41.6 1167993 37727 61463 27 11 17 5 25 0 16 1
41.7 1167643 38072 61466 25 11 22 5 21 2 16 0
41.8 1167805 37916 61474 29 15 23 4 22 0 9 0
41.9 1167089 38627 61464 28 9 18 6 20 4 17 0
42 1167171 38542 61472 30 12 20 7 16 0 17 0
42.1 1167839 37874 61468 26 10 23 6 21 1 13 2
42.2 1168414 37302 61469 28 10 22 6 22 1 11 2
42.3 1168650 37067 61470 33 10 18 6 16 2 17 0
42.4 1168843 36871 61474 28 12 26 5 17 1 13 0
42.5 1168634 37083 61463 29 9 18 4 19 4 18 1
42.6 1168916 36801 61474 28 14 25 4 19 0 12 0
42.7 1168392 37323 61474 29 12 25 5 17 1 13 0
42.8 1168746 36969 61466 26 12 21 4 20 1 17 1
42.9 1168363 37356 61467 30 13 16 5 20 0 18 0
43 1167974 37741 61463 25 11 18 6 22 1 19 0
43.1 1167930 37785 61454 19 9 15 8 30 1 20 0
43.2 1167501 38213 61462 26 6 19 8 23 2 17 1
43.3 1167784 37933 61463 29 7 19 5 21 3 16 2
43.4 1168457 37263 61466 33 9 14 7 20 1 18 0
43.5 1169337 36396 61461 27 14 14 3 35 0 9 0
43.6 1170205 35522 61468 30 13 19 3 27 0 9 1
43.7 1170293 35432 61465 32 10 16 4 23 3 14 0
43.8 1170167 35559 61469 32 10 19 5 25 2 9 0
43.9 1170043 35683 61464 28 12 16 5 29 1 11 0
44 1170588 35136 61464 29 9 18 5 26 4 11 0
44.1 1170345 35381 61460 30 12 10 5 27 1 17 0
44.2 1170355 35374 61464 29 12 15 5 31 1 9 0
44.3 1170577 35147 61469 37 10 13 6 19 2 15 0
44.4 1170398 35326 61471 33 9 21 5 23 3 7 1
44.5 1170310 35415 61468 28 13 19 5 28 0 9 0
44.6 1169730 35988 61462 27 11 16 5 22 2 19 0
44.7 1168757 36961 61471 31 11 20 6 19 1 14 0
44.8 1167765 37953 61468 31 15 16 3 17 0 19 1
44.9 1168256 37459 61465 25 13 19 5 21 1 18 0
45 1167306 38411 61466 22 14 23 4 26 0 12 1
45.1 1167521 38195 61464 27 10 17 7 23 1 16 1
45.2 1168208 37504 61462 24 5 19 11 25 3 15 0
45.3 1168083 37631 61469 28 9 20 9 21 1 14 0
45.4 1168639 37077 61473 33 9 19 9 18 1 13 0
45.5 1168694 37018 61469 30 8 18 10 19 0 16 1
45.6 1168441 37267 61471 27 7 23 11 19 0 14 1
45.7 1168066 37643 61473 31 5 22 12 17 1 13 1
45.8 1168128 37584 61461 29 6 11 12 22 0 21 1
45.9 1168515 37199 61470 32 5 18 12 20 2 13 0
46 1169481 36234 61473 33 7 22 8 18 2 10 2
46.1 1169823 35894 61461 26 9 14 9 27 1 15 1
46.2 1169763 35958 61466 32 8 12 11 26 1 12 0
46.3 1170481 35243 61471 39 6 13 10 22 1 10 1
46.4 1170746 34979 61474 38 9 15 9 22 0 9 0
46.5 1170610 35112 61467 34 9 12 9 23 0 15 0
46.6 1170476 35248 61466 28 13 16 6 28 0 11 0
46.7 1170530 35191 61470 32 10 19 6 22 2 10 1
46.8 1170717 35003 61467 34 8 15 7 20 3 14 1
46.9 1170372 35348 61469 33 10 16 7 21 1 13 1
47 1169826 35896 61464 29 10 18 4 25 2 12 2
47.1 1169958 35765 61468 33 12 15 5 21 1 15 0
47.2 1169782 35938 61472 29 10 25 5 22 3 8 0
47.3 1169724 35995 61466 26 14 20 3 23 0 15 1
47.4 1168499 37218 61462 25 13 18 3 21 2 20 0
47.5 1167830 37884 61463 25 12 19 4 19 2 21 0
47.6 1167567 38149 61468 26 13 22 4 20 1 16 0
47.7 1167264 38450 61465 25 15 19 3 18 0 22 0
47.8 1166558 39157 61463 26 10 22 2 18 5 18 1
47.9 1165441 40271 61472 30 10 25 4 14 2 15 2
48 1164371 41336 61464 19 10 26 6 20 2 19 0
48.1 1163368 42339 61467 22 11 26 5 16 1 21 0
48.2 1162715 42993 61468 23 13 27 2 13 2 22 0
48.3 1162750 42960 61462 16 12 28 3 23 2 18 0
48.4 1163636 42075 61464 21 11 26 3 20 2 18 1
48.5 1163919 41792 61475 26 14 29 3 14 0 16 0
48.6 1164519 41196 61475 32 13 24 3 13 0 16 1
48.7 1164955 40766 61462 30 12 14 3 20 2 21 0
48.8 1166052 39667 61465 26 13 19 4 23 0 17 0
48.9 1167487 38236 61465 30 8 19 5 25 3 11 1
49 1168779 36943 61467 32 10 16 6 23 0 14 1
49.1 1169231 36490 61471 32 9 19 8 23 0 11 0
49.2 1168352 37362 61477 34 9 23 8 14 0 14 0
49.3 1168964 36753 61461 22 10 20 6 28 0 15 1
49.4 1169010 36709 61466 32 8 14 9 22 0 17 0
49.5 1168702 37014 61471 30 8 22 8 20 1 13 0
49.6 1168460 37250 61465 28 8 18 8 17 1 21 1
49.7 1168210 37503 61458 22 7 18 8 26 2 18 1
49.8 1168088 37621 61467 27 7 22 8 17 2 18 1
49.9 1167995 37712 61463 21 7 23 9 22 1 18 1
50 1167129 38580 61481 31 8 29 10 14 0 10 0
