t ca2er ca2i ip3 s000 s001 s010 s011 s100 s101 s110 s111
0 1053875 151801 61468 10 7 30 21 7 1 23 3
0.1 1078583 127092 61472 12 7 29 24 5 0 24 1
0.2 1102393 103284 61473 11 8 33 21 7 0 19 3
0.3 1122465 83213 61468 7 10 30 21 10 1 22 1
0.4 1137013 68671 61464 9 13 24 18 11 1 25 1
0.5 1146751 58930 61470 12 13 25 20 6 0 26 0
0.6 1152259 53425 61475 12 11 33 19 10 1 14 2
0.7 1156267 49425 61467 16 13 22 16 11 2 20 2
0.8 1159376 46320 61468 12 15 26 15 17 2 14 1
0.9 1163512 42191 61469 21 16 19 13 14 2 15 2
1 1165949 39752 61466 15 13 22 16 21 2 11 2
1.1 1167423 38278 61467 22 12 16 17 15 2 16 2
1.2 1168103 37603 61472 26 16 16 14 13 1 14 2
1.3 1168865 36842 61468 23 15 16 14 16 3 14 1
1.4 1169058 36649 61471 23 15 17 16 18 1 11 1
1.5 1169534 36172 61470 28 13 15 14 11 4 15 2
1.6 1170135 35577 61473 24 18 19 12 18 1 9 1
1.7 1170631 35084 61472 26 19 16 11 18 1 10 1
1.8 1170589 35126 61463 20 20 16 7 21 3 13 2
1.9 1170288 35424 61466 23 17 13 13 19 2 15 0
2 1169575 36134 61459 17 17 13 12 22 2 18 1
2.1 1169403 36311 61468 23 20 14 11 19 0 15 0
2.2 1169094 36610 61465 20 14 18 13 18 0 15 4
2.3 1169625 36082 61472 25 15 21 11 13 2 12 3
2.4 1169507 36201 61472 29 14 13 16 13 0 16 1
2.5 1169717 35992 61469 23 15 15 16 20 0 12 1
2.6 1169910 35794 61470 26 11 17 16 14 2 13 3
2.7 1170287 35422 61465 19 12 17 17 25 2 9 1
2.8 1170416 35291 61466 23 14 13 16 18 1 16 1
2.9 1170369 35338 61467 24 14 11 18 18 0 17 0
3 1170139 35567 61467 25 13 14 15 15 1 17 2
3.1 1170153 35554 61470 30 11 12 17 14 0 15 3
3.2 1169847 35861 61468 24 12 15 17 18 2 14 0
3.3 1170149 35560 61466 20 13 18 15 21 2 13 0
3.4 1170009 35703 61465 23 16 13 13 19 1 17 0
3.5 1169511 36197 61467 18 14 21 14 21 2 12 0
3.6 1169580 36135 61469 29 14 15 11 15 2 15 1
3.7 1170269 35452 61467 23 17 17 10 26 0 8 1
3.8 1170714 35003 61463 25 12 14 12 22 3 13 1
3.9 1170963 34753 61471 25 13 20 13 22 1 7 1
4 1170496 35223 61468 28 14 13 13 21 1 12 0
4.1 1170681 35038 61464 30 13 11 10 18 2 16 2
4.2 1170719 35000 61465 24 15 14 12 24 0 13 0
4.3 1170466 35254 61467 23 17 19 8 24 0 9 2
4.4 1170693 35023 61470 25 14 20 11 19 2 11 0
4.5 1169196 36516 61470 21 14 23 12 20 1 11 0
4.6 1169669 36042 61462 24 12 14 12 17 3 19 1
4.7 1169506 36208 61461 23 14 17 7 19 3 15 4
4.8 1170028 35691 61477 33 14 17 13 17 0 7 1
4.9 1170729 34992 61470 32 12 14 12 19 2 10 1
5 1171042 34677 61465 29 11 13 12 21 2 12 2
5.1 1171120 34594 61473 25 13 21 14 20 0 9 0
5.2 1169999 35720 61467 27 13 14 13 22 1 12 0
5.3 1170240 35474 61466 25 13 16 12 19 1 15 1
5.4 1169698 36018 61468 28 14 14 12 17 1 16 0
5.5 1169777 35941 61464 24 14 18 8 21 2 13 2
5.6 1169547 36172 61462 26 16 11 9 20 0 19 1
5.7 1169847 35879 61466 33 15 11 7 19 2 13 2
5.8 1170469 35254 61464 26 15 14 9 24 1 12 1
5.9 1170333 35385 61470 28 13 18 11 18 2 12 0
6 1170165 35558 61460 22 15 15 8 27 2 12 1
6.1 1170492 35232 61468 26 16 17 9 24 1 9 0
6.2 1170186 35535 61460 19 16 16 9 28 0 14 0
6.3 1170071 35653 61471 32 15 16 8 17 2 12 0
6.4 1170343 35377 61472 27 15 22 8 19 1 9 1
6.5 1169976 35736 61463 23 10 19 11 20 1 15 3
6.6 1168894 36814 61455 14 7 23 11 25 4 15 3
6.7 1168921 36795 61469 24 14 20 11 20 1 12 0
6.8 1169328 36391 61465 25 15 16 9 20 1 16 0
6.9 1169361 36360 61461 27 15 9 10 21 0 20 0
7 1169550 36168 61458 21 10 19 8 25 4 12 3
7.1 1169657 36060 61470 30 10 20 10 15 4 12 1
7.2 1169598 36116 61466 29 9 14 14 17 1 17 1
7.3 1169057 36657 61469 27 9 19 14 19 1 12 1
7.4 1169417 36305 61461 28 12 11 10 24 0 14 3
7.5 1169471 36241 61468 28 11 19 10 12 3 18 1
7.6 1169226 36489 61465 21 15 19 10 21 0 16 0
7.7 1168418 37297 61463 22 13 19 9 21 1 15 2
7.8 1167788 37928 61469 26 13 20 10 18 1 13 1
7.9 1167694 38021 61455 24 12 9 10 18 3 26 0
8 1168324 37390 61467 20 13 25 9 21 3 10 1
8.1 1168425 37288 61468 21 15 24 8 18 2 13 1
8.2 1167846 37867 61462 21 13 20 8 18 3 18 1
8.3 1167866 37843 61459 23 8 18 10 17 3 19 4
8.4 1167842 37868 61468 23 11 21 13 17 1 16 0
8.5 1167237 38474 61470 27 12 22 9 12 1 17 2
8.6 1167155 38559 61468 22 12 23 11 20 1 13 0
8.7 1166926 38787 61462 21 12 18 11 20 1 19 0
8.8 1165956 39757 61466 19 12 26 9 22 1 11 2
8.9 1167010 38707 61462 27 9 17 9 19 3 15 3
9 1168532 37186 61473 29 12 21 11 18 0 10 1
9.1 1168479 37234 61469 27 13 19 10 14 0 18 1
9.2 1168618 37099 61468 24 13 22 9 20 1 12 1
9.3 1167786 37928 61469 24 13 22 10 17 1 15 0
9.4 1166828 38888 61466 25 10 20 11 19 2 15 0
9.5 1168032 37686 61466 25 13 19 9 19 1 16 0
9.6 1168797 36923 61466 27 13 18 8 19 1 15 1
9.7 1168754 36968 61466 26 12 22 6 21 3 10 2
9.8 1168371 37351 61468 33 10 16 9 17 1 14 2
9.9 1169037 36684 61462 27 10 13 12 23 1 16 0
10 1169429 36295 61472 35 12 16 9 15 2 13 0
10.1 1169532 36191 61467 31 13 14 9 18 1 16 0
10.2 1169346 36375 61465 25 12 20 8 23 2 10 2
10.3 1169828 35891 61470 28 12 21 9 19 1 10 2
10.4 1170181 35540 61471 29 13 19 10 19 1 11 0
10.5 1169876 35843 61463 22 12 19 10 25 1 12 1
10.6 1169317 36401 61465 25 11 20 9 21 2 12 2
10.7 1169024 36694 61467 27 13 18 9 17 1 17 0
10.8 1168506 37212 61460 23 15 14 8 20 1 21 0
10.9 1167943 37774 61469 24 16 23 6 17 1 14 1
11 1166622 39089 61474 27 13 27 7 9 3 15 1
11.1 1167186 38529 61470 26 13 23 8 15 2 14 1
11.2 1167601 38117 61466 20 17 24 5 21 1 13 1
11.3 1167240 38474 61460 17 14 23 6 21 3 17 1
11.4 1166638 39074 61466 22 14 22 8 16 1 18 1
11.5 1166879 38837 61468 26 15 22 5 14 2 16 2
11.6 1165394 40320 61470 25 14 23 8 15 1 15 1
11.7 1166020 39695 61470 24 16 24 6 14 2 16 0
11.8 1166858 38859 61463 18 16 22 7 23 1 15 0
11.9 1166818 38901 61461 26 14 14 7 17 3 21 0
12 1168091 37628 61460 23 14 16 7 20 3 19 0
12.1 1168091 37625 61469 26 15 22 6 13 4 16 0
12.2 1166746 38965 61469 19 15 27 8 17 2 14 0
12.3 1164932 40779 61461 19 16 20 6 16 2 22 1
12.4 1165597 40115 61467 22 18 20 7 14 2 19 0
12.5 1166528 39184 61464 18 16 21 9 21 1 15 1
12.6 1168041 37676 61472 27 18 19 8 15 1 14 0
12.7 1168648 37064 61471 27 11 22 11 14 4 12 1
12.8 1168930 36780 61469 24 14 23 8 14 2 14 3
12.9 1168434 37278 61461 20 14 16 11 20 2 19 0
13 1168797 36919 61464 23 12 20 9 21 3 12 2
13.1 1169417 36298 61462 26 14 12 10 18 0 20 2
13.2 1168491 37224 61456 18 14 14 10 25 1 19 1
13.3 1167723 37989 61466 26 12 16 12 16 1 18 1
13.4 1168585 37133 61465 28 11 15 11 21 1 12 3
13.5 1169476 36241 61467 26 13 18 10 21 0 11 3
13.6 1169537 36178 61466 25 10 18 13 21 2 12 1
13.7 1169422 36290 61467 26 7 18 16 19 3 13 0
13.8 1169250 36461 61459 17 12 17 13 25 0 17 1
13.9 1169703 36013 61465 26 10 18 11 21 2 11 3
14 1170096 35628 61460 28 13 9 10 24 1 16 1
14.1 1170419 35307 61459 27 13 11 8 26 1 14 2
14.2 1170343 35381 61468 30 14 15 9 20 1 13 0
14.3 1170411 35311 61469 27 15 19 8 20 1 12 0
14.4 1170293 35427 61466 25 14 21 6 20 2 12 2
14.5 1170076 35643 61475 30 11 22 12 18 1 8 0
14.6 1170039 35681 61464 25 9 21 9 24 2 9 3
14.7 1169777 35943 61465 30 9 15 11 18 3 16 0
14.8 1169849 35865 61469 27 11 22 9 14 2 16 1
14.9 1168416 37300 61466 25 14 19 8 17 0 18 1
15 1167738 37976 61470 24 11 25 10 18 1 12 1
15.1 1167434 38285 61458 20 12 17 9 25 2 17 0
15.2 1168073 37653 61464 28 14 18 4 21 3 12 2
15.3 1166988 38730 61466 26 12 20 8 17 3 16 0
15.4 1167635 38082 61473 31 13 21 8 12 1 15 1
15.5 1168313 37404 61460 20 12 18 10 25 0 16 1
15.6 1168982 36736 61469 30 11 16 12 17 0 16 0
15.7 1168819 36901 61462 29 8 14 11 21 1 16 2
15.8 1169107 36621 61460 30 8 10 12 28 1 12 1
15.9 1169948 35774 61464 28 7 15 14 26 0 11 1
16 1170287 35434 61459 29 5 10 15 25 1 16 1
16.1 1170234 35488 61463 27 6 15 15 28 0 10 1
16.2 1170910 34811 61462 27 6 17 12 27 0 9 4
16.3 1170689 35037 61466 30 12 15 9 22 0 14 0
16.4 1169698 36026 61461 26 14 14 7 22 0 19 0
16.5 1169231 36492 61465 25 12 23 5 20 3 14 0
16.6 1168282 37443 61460 28 10 18 4 19 5 17 1
16.7 1168682 37050 61458 25 17 14 2 27 0 16 1
16.8 1169282 36447 61470 33 13 18 6 19 1 12 0
16.9 1169611 36116 61469 31 13 17 8 21 0 12 0
17 1168423 37301 61474 35 13 18 8 14 1 13 0
17.1 1168447 37275 61465 28 12 15 10 21 0 16 0
17.2 1168921 36799 61464 27 10 16 11 21 1 16 0
17.3 1168152 37568 61462 25 14 16 7 20 0 19 1
17.4 1167823 37899 61460 19 13 23 5 26 3 12 1
17.5 1167472 38243 61474 29 14 24 7 11 0 16 1
17.6 1167546 38165 61462 22 9 20 11 17 2 21 0
17.7 1166547 39165 61470 26 10 22 12 15 0 17 0
17.8 1165517 40191 61463 24 5 21 13 14 4 21 0
17.9 1164720 40983 61465 18 9 26 12 14 2 21 0
18 1163433 42275 61456 11 11 24 10 24 1 21 0
18.1 1163279 42432 61456 17 8 22 9 20 5 21 0
18.2 1164428 41286 61466 19 14 26 7 20 0 15 1
18.3 1165020 40692 61465 20 13 27 5 16 2 17 2
18.4 1165886 39826 61464 18 15 25 6 17 2 19 0
18.5 1166403 39307 61466 19 14 26 7 17 1 16 2
18.6 1165983 39723 61469 20 7 31 11 17 3 10 3
18.7 1166778 38932 61459 16 6 21 16 27 2 14 0
18.8 1168230 37482 61467 28 6 18 15 17 2 15 1
18.9 1168965 36751 61467 27 8 20 12 19 3 12 1
19 1169083 36633 61469 30 9 17 13 17 1 14 1
19.1 1169191 36527 61465 24 11 19 11 24 0 11 2
19.2 1169696 36022 61465 26 11 17 11 20 2 15 0
19.3 1169715 35997 61465 20 9 22 14 24 0 12 1
19.4 1169701 36013 61472 27 12 23 10 14 2 14 0
19.5 1169391 36326 61462 22 14 17 9 22 0 17 1
19.6 1169364 36355 61460 23 9 16 12 25 3 14 0
19.7 1169694 36025 61474 30 12 20 12 18 0 10 0
19.8 1169863 35857 61468 28 10 22 8 19 3 10 2
19.9 1168537 37184 61456 24 12 14 6 24 1 17 4
20 1168531 37186 61460 22 10 18 10 24 1 15 2
20.1 1168907 36811 61469 27 10 20 12 20 1 12 0
20.2 1168603 37111 61463 23 10 19 11 20 1 17 1
20.3 1168572 37145 61467 24 11 23 9 20 2 12 1
20.4 1168578 37137 61468 22 13 24 9 20 0 13 1
20.5 1169424 36295 61468 21 14 24 9 24 0 10 0
20.6 1168408 37316 61458 21 14 16 7 28 1 14 1
20.7 1168882 36837 61466 29 11 15 11 18 0 18 0
20.8 1168719 37003 61470 34 9 15 12 18 0 13 1
20.9 1169648 36071 61463 26 7 17 13 24 1 13 1
21 1170204 35519 61469 30 9 19 11 22 0 10 1
21.1 1170273 35449 61458 23 13 15 7 24 1 18 1
21.2 1169008 36713 61457 22 14 15 6 22 2 21 0
21.3 1167526 38190 61465 24 13 21 7 17 1 18 1
21.4 1167302 38418 61463 26 15 15 7 18 1 20 0
21.5 1167099 38621 61460 20 15 17 8 25 0 17 0
21.6 1168522 37205 61466 29 15 17 5 20 3 13 0
21.7 1169544 36184 61468 30 14 16 8 23 1 10 0
21.8 1169740 35985 61466 29 15 14 8 22 0 13 1
21.9 1170148 35580 61467 32 14 16 5 19 4 11 1
22 1170472 35254 61472 30 16 18 8 21 0 9 0
22.1 1169972 35753 61465 27 13 17 8 24 1 11 1
22.2 1169892 35829 61459 29 12 11 7 19 1 20 3
22.3 1169865 35858 61462 22 11 19 10 28 2 10 0
22.4 1170411 35311 61466 28 12 18 8 22 0 11 3
22.5 1170636 35091 61456 25 12 11 8 28 2 15 1
22.6 1170470 35250 61468 29 11 16 12 20 0 14 0
22.7 1170222 35502 61464 27 11 15 11 26 0 11 1
22.8 1170466 35258 61466 26 11 19 10 25 2 9 0
22.9 1170130 35588 61464 28 10 20 6 17 2 15 4
23 1169282 36439 61470 31 9 23 7 16 3 11 2
23.1 1169318 36404 61468 28 11 20 9 20 1 13 0
23.2 1169071 36652 61470 31 11 21 7 17 2 12 1
23.3 1168368 37355 61470 33 10 19 8 15 2 15 0
23.4 1168893 36830 61456 21 8 20 7 27 3 15 1
23.5 1168528 37193 61459 24 10 17 8 23 0 19 1
23.6 1168161 37559 61467 22 11 27 7 23 0 11 1
23.7 1166119 39598 61460 19 10 23 8 24 0 17 1
23.8 1166198 39514 61467 19 9 29 10 20 0 15 0
23.9 1165494 40221 61455 20 8 18 9 23 0 22 2
24 1165194 40519 61467 22 6 28 11 20 1 13 1
24.1 1163416 42294 61464 23 8 22 11 15 0 23 0
24.2 1162495 43215 61468 25 6 29 8 14 1 15 4
24.3 1163733 41981 61462 23 8 22 9 19 1 18 2
24.4 1165740 39975 61468 26 10 25 7 16 0 15 3
24.5 1164903 40810 61460 26 7 18 9 15 2 23 2
24.6 1163850 41866 61468 26 10 24 8 16 1 16 1
24.7 1164878 40834 61470 24 9 26 11 16 0 16 0
24.8 1166039 39676 61464 27 7 20 10 17 1 18 2
24.9 1167049 38666 61467 27 7 21 12 18 0 16 1
25 1167681 38035 61459 25 10 17 7 17 1 23 2
25.1 1167100 38616 61464 23 9 21 11 21 0 17 0
25.2 1166836 38882 61466 28 7 22 9 16 4 16 0
25.3 1166966 38753 61459 23 10 19 7 22 1 18 2
25.4 1168111 37608 61467 24 9 27 7 20 2 12 1
25.5 1168194 37527 61462 25 10 19 8 21 1 18 0
25.6 1168260 37468 61462 31 10 16 5 22 1 14 3
25.7 1169073 36659 61469 35 13 15 6 20 0 13 0
25.8 1169582 36150 61457 28 14 11 4 26 0 18 1
25.9 1169193 36541 61462 32 10 15 5 25 2 12 1
26 1169525 36203 61463 24 11 22 6 27 0 12 0
26.1 1169226 36497 61469 28 8 26 7 19 2 12 0
26.2 1168848 36877 61461 22 8 25 6 27 2 11 1
26.3 1168103 37622 61471 28 12 27 4 18 2 11 0
26.4 1166993 38727 61464 28 10 19 7 16 1 21 0
26.5 1166773 38949 61460 25 7 22 6 23 2 14 3
26.6 1167982 37742 61461 30 7 15 9 21 2 17 1
26.7 1167632 38089 61464 28 8 19 9 19 1 18 0
26.8 1168136 37586 61471 32 11 22 6 14 0 16 1
26.9 1166920 38805 61453 17 10 20 6 32 0 16 1
27 1168039 37686 61468 32 9 21 6 16 1 17 0
27.1 1167291 38434 61470 30 9 26 5 17 2 13 0
27.2 1167528 38199 61467 29 10 24 4 19 2 14 0
27.3 1167656 38073 61474 36 12 23 3 14 0 13 1
27.4 1168523 37212 61463 30 13 17 3 25 0 14 0
27.5 1168809 36920 61466 34 8 19 5 18 2 15 1
27.6 1168331 37393 61462 25 10 21 6 22 0 18 0
27.7 1168062 37659 61456 24 7 17 8 23 0 22 1
27.8 1167451 38274 61457 22 7 20 8 28 1 16 0
27.9 1167397 38330 61459 29 8 18 4 22 1 17 3
28 1166909 38817 61460 31 6 13 10 22 0 20 0
28.1 1167261 38460 61462 24 7 24 7 22 1 16 1
28.2 1166662 39060 61465 30 5 23 7 17 3 16 1
28.3 1166379 39347 61456 24 10 18 4 25 0 19 2
28.4 1166966 38761 61462 29 9 19 5 22 0 16 2
28.5 1167507 38216 61458 26 8 19 5 19 3 22 0
28.6 1166230 39490 61470 27 8 30 5 16 2 13 1
28.7 1167114 38612 61465 27 10 22 6 22 0 15 0
28.8 1168181 37543 61469 25 9 29 6 22 0 11 0
28.9 1167716 38008 61461 29 9 19 4 18 1 20 2
29 1167703 38024 61461 30 10 19 2 18 2 19 2
29.1 1168317 37412 61463 26 13 22 2 23 0 15 1
29.2 1168525 37201 61465 28 10 22 5 20 1 16 0
29.3 1168648 37077 61458 26 10 16 6 23 0 20 1
29.4 1166853 38874 61463 27 12 21 3 21 1 16 1
29.5 1167599 38128 61463 29 11 18 5 20 1 18 0
29.6 1168277 37449 61459 23 10 20 6 26 1 16 0
29.7 1167748 37970 61467 23 10 27 7 19 0 16 0
29.8 1167768 37960 61473 30 11 26 6 21 0 8 0
29.9 1167972 37757 61464 26 10 23 5 25 2 11 0
30 1168443 37288 61465 30 13 19 3 22 0 14 1
30.1 1168095 37632 61456 26 9 15 6 24 2 20 0
30.2 1167282 38439 61468 29 11 22 6 15 0 19 0
30.3 1167702 38021 61471 31 9 26 5 15 2 13 1
30.4 1167686 38034 61459 19 11 23 6 24 1 18 0
30.5 1166102 39617 61467 19 12 31 5 22 2 11 0
30.6 1167108 38616 61464 27 11 21 5 21 1 14 2
30.7 1167231 38493 61462 30 10 14 8 20 0 19 1
30.8 1167619 38106 61465 26 10 22 7 24 1 11 1
30.9 1168609 37114 61466 28 10 20 8 20 1 15 0
31 1169225 36494 61465 22 9 25 9 24 0 12 1
31.1 1168734 36985 61467 27 9 22 9 18 1 16 0
31.2 1167694 38027 61459 25 8 16 10 24 0 18 1
31.3 1168619 37102 61462 25 8 19 10 24 0 15 1
31.4 1169182 36541 61467 31 9 20 7 18 1 14 2
31.5 1168023 37701 61471 29 13 25 4 18 0 11 2
31.6 1168750 36973 61464 31 12 16 5 15 1 21 1
31.7 1168402 37321 61465 26 13 20 6 21 0 15 1
31.8 1168400 37317 61473 31 10 23 9 13 0 15 1
31.9 1166534 39172 61464 17 6 28 13 19 1 18 0
32 1165986 39725 61466 26 7 22 11 14 1 20 1
32.1 1164658 41055 61463 25 9 21 8 15 0 22 2
32.2 1165874 39843 61466 26 9 24 7 17 1 16 2
32.3 1166065 39650 61465 26 7 22 10 17 1 18 1
32.4 1166962 38755 61462 19 8 25 10 26 0 13 1
32.5 1166481 39236 61460 19 9 23 9 24 1 17 0
32.6 1167329 38392 61466 27 9 21 9 20 1 15 0
32.7 1168230 37490 61464 24 8 22 10 23 1 14 0
32.8 1168159 37556 61466 23 8 28 7 19 2 12 3
32.9 1166980 38728 61462 17 9 25 11 19 0 21 0
33 1163921 41790 61465 20 11 26 8 16 1 20 0
33.1 1165542 40172 61469 25 10 25 9 15 1 17 0
33.2 1165962 39758 61471 30 11 23 7 15 1 14 1
33.3 1167032 38689 61465 29 8 16 12 21 0 16 0
33.4 1168347 37375 61464 27 8 18 11 23 1 14 0
33.5 1168998 36721 61469 29 11 21 8 17 0 14 2
33.6 1168622 37097 61465 30 9 17 9 16 2 18 1
33.7 1168249 37468 61462 23 11 21 7 21 0 16 3
33.8 1168432 37287 61466 31 11 15 9 15 0 20 1
33.9 1167640 38081 61465 29 11 15 10 19 0 18 0
34 1168379 37343 61465 28 9 18 10 22 2 12 1
34.1 1168761 36956 61465 27 10 18 10 18 1 17 1
34.2 1168847 36870 61462 27 7 16 12 20 2 17 1
34.3 1169123 36594 61461 22 7 20 12 26 1 12 2
34.4 1169465 36255 61466 30 7 16 13 22 0 12 2
34.5 1169500 36216 61466 29 5 17 15 20 1 14 1
34.6 1169170 36551 61457 24 6 16 11 28 1 13 3
34.7 1169674 36043 61458 26 6 15 11 24 0 15 5
34.8 1169624 36093 61462 22 6 22 12 26 2 10 2
34.9 1169990 35732 61469 34 6 19 10 17 2 12 2
35 1170262 35462 61463 27 7 18 11 26 1 11 1
35.1 1170144 35575 61470 26 9 24 11 21 0 11 0
35.2 1169768 35953 61469 29 10 24 6 17 2 12 2
35.3 1169370 36350 61469 27 9 24 9 20 1 11 1
35.4 1168927 36798 61461 27 11 16 7 22 2 17 0
35.5 1168659 37067 61462 26 13 17 6 24 0 15 1
35.6 1169626 36107 61462 36 10 10 6 21 3 15 1
35.7 1169902 35829 61467 26 14 22 5 27 1 7 0
35.8 1169470 36254 61461 23 13 19 6 24 1 16 0
35.9 1168608 37112 61462 22 11 21 8 24 0 15 1
36 1168656 37065 61465 24 12 22 7 22 0 14 1
36.1 1168563 37156 61459 22 9 20 8 22 3 18 0
36.2 1167269 38451 61458 26 8 16 8 21 2 19 2
36.3 1167261 38460 61464 26 11 19 8 21 0 16 1
36.4 1167716 38005 61466 30 11 18 7 17 0 17 2
36.5 1168227 37493 61468 27 11 22 8 18 1 15 0
36.6 1167960 37757 61462 23 12 20 7 20 0 18 2
36.7 1168173 37548 61464 25 14 20 5 18 3 17 0
36.8 1168269 37451 61459 25 12 15 7 19 3 21 0
36.9 1167795 37923 61471 26 15 23 7 16 0 15 0
37 1168332 37392 61464 25 12 23 4 22 3 11 2
37.1 1168442 37287 61453 22 15 12 4 29 1 18 1
37.2 1168819 36910 61467 29 16 17 5 22 0 13 0
37.3 1169028 36697 61464 24 16 21 3 22 1 14 1
37.4 1168605 37120 61460 22 16 19 3 24 1 16 1
37.5 1168959 36766 61466 27 14 20 5 20 2 14 0
37.6 1169458 36268 61465 24 13 22 6 26 1 9 1
37.7 1169928 35799 61466 29 12 19 6 22 2 11 1
37.8 1170562 35168 61471 29 17 22 3 22 0 8 1
37.9 1168954 36765 61466 25 12 23 6 17 3 16 0
38 1168601 37123 61465 27 12 19 7 21 2 14 0
38.1 1168610 37111 61456 19 13 17 7 27 0 18 1
38.2 1166684 39033 61464 23 13 22 6 18 1 18 1
38.3 1166733 38985 61465 18 14 27 6 23 2 12 0
38.4 1167247 38472 61464 23 14 22 5 19 2 16 1
38.5 1167699 38021 61468 25 15 23 5 17 2 15 0
38.6 1167796 37925 61468 27 15 21 5 16 2 16 0
38.7 1167300 38421 61457 25 12 12 8 21 2 22 0
38.8 1167772 37944 61466 24 11 22 9 18 2 16 0
38.9 1167292 38426 61466 27 10 20 9 17 2 17 0
39 1166679 39036 61451 15 10 17 9 26 2 23 0
39.1 1167580 38140 61468 28 10 21 9 19 1 13 1
39.2 1167661 38057 61463 25 8 21 9 23 0 12 4
39.3 1168074 37641 61467 26 8 20 13 20 0 14 1
39.4 1168597 37119 61467 29 8 17 13 18 0 16 1
39.5 1168804 36916 61467 26 13 20 8 20 0 14 1
39.6 1168482 37232 61458 19 10 17 12 25 0 18 1
39.7 1167747 37970 61458 23 11 16 8 21 1 20 2
39.8 1167494 38225 61460 19 11 23 7 25 3 13 1
39.9 1168091 37625 61471 27 10 23 11 17 0 14 0
40 1168000 37712 61458 16 8 21 13 26 0 18 0
40.1 1167959 37761 61462 29 6 17 10 21 2 14 3
40.2 1169091 36633 61466 31 10 16 9 19 2 15 0
40.3 1168900 36824 61465 30 11 16 8 20 1 15 1
40.4 1169533 36190 61467 33 9 18 7 18 1 12 4
40.5 1169294 36430 61462 26 11 18 7 24 0 14 2
40.6 1168648 37074 61466 31 11 17 7 16 1 18 1
40.7 1168592 37130 61461 24 10 19 8 25 1 13 2
40.8 1168936 36789 61468 32 10 17 9 20 1 12 1
40.9 1169519 36198 61466 30 8 18 10 15 2 18 1
41 1170031 35693 61466 27 10 20 9 24 1 10 1
41.1 1169536 36184 61458 22 9 17 10 26 1 16 1
41.2 1168451 37269 61462 26 10 18 8 21 1 16 2
41.3 1168309 37406 61455 22 7 15 11 22 2 22 1
41.4 1168152 37563 61468 27 7 22 12 17 2 15 0
41.5 1168694 37027 61465 28 9 21 7 19 2 14 2
41.6 1169088 36643 61464 30 13 17 4 23 2 12 1
41.7 1169887 35844 61462 25 16 17 4 27 1 12 0
41.8 1169199 36532 61462 25 15 18 4 27 1 12 0
41.9 1169247 36478 61461 25 13 19 4 21 3 17 0
42 1168093 37633 61467 32 11 19 5 16 4 15 0
42.1 1168248 37482 61461 30 14 13 4 22 0 18 1
42.2 1167944 37780 61463 28 13 18 4 19 0 18 2
42.3 1168073 37649 61466 23 12 27 4 20 2 14 0
42.4 1168373 37351 61464 27 8 22 7 22 2 13 1
42.5 1168896 36828 61461 24 9 21 7 25 1 14 1
42.6 1168456 37268 61459 26 9 16 8 23 1 19 0
42.7 1168574 37153 61462 24 11 20 7 27 0 13 0
42.8 1168913 36812 61463 26 11 19 7 23 0 16 0
42.9 1168384 37341 61464 31 11 16 6 17 1 20 0
43 1168021 37699 61457 23 9 19 6 21 2 21 1
43.1 1168107 37610 61463 20 10 28 5 22 0 14 3
43.2 1166663 39061 61458 22 10 19 7 26 1 17 0
43.3 1168155 37569 61459 27 8 18 6 22 2 17 2
43.4 1168573 37151 61459 21 11 23 4 26 0 15 2
43.5 1167371 38352 61461 25 10 20 6 21 2 18 0
43.6 1167374 38346 61458 19 8 24 7 25 3 16 0
43.7 1167865 37858 61466 26 13 24 3 19 0 15 2
43.8 1166871 38855 61470 34 10 22 4 15 2 13 2
43.9 1167497 38229 61457 22 9 19 7 28 2 15 0
44 1168431 37296 61462 27 9 17 9 26 0 14 0
44.1 1169067 36665 61467 34 10 16 7 23 0 11 1
44.2 1169283 36444 61471 36 9 18 8 16 1 14 0
44.3 1169286 36436 61467 32 9 20 6 16 0 16 3
44.4 1168958 36771 61465 33 10 18 4 20 1 13 3
44.5 1169304 36424 61453 26 9 11 7 28 1 18 2
44.6 1169546 36181 61465 28 12 19 6 22 0 15 0
44.7 1169701 36033 61471 34 12 20 5 22 1 8 0
44.8 1170047 35684 61460 30 9 13 8 26 1 15 0
44.9 1169434 36293 61465 30 10 18 7 21 1 15 0
45 1169542 36182 61465 31 9 19 6 18 1 16 2
45.1 1169788 35933 61469 32 9 20 8 15 0 17 1
45.2 1168343 37376 61461 30 9 16 6 15 0 23 3
45.3 1167856 37864 61464 25 8 24 7 22 0 13 3
45.4 1168196 37526 61463 31 8 16 8 16 2 21 0
45.5 1168311 37417 61465 31 8 20 6 21 2 13 1
45.6 1169208 36524 61467 31 9 21 6 24 2 9 0
45.7 1169575 36161 61464 33 11 15 5 25 1 12 0
45.8 1169586 36146 61468 32 10 20 6 23 1 10 0
45.9 1169092 36637 61460 33 10 12 5 19 1 21 1
46 1169012 36717 61466 30 8 22 6 23 1 11 1
46.1 1169415 36313 61460 29 8 18 5 24 0 15 3
46.2 1169324 36406 61461 32 7 15 7 24 0 15 2
46.3 1168499 37231 61463 35 4 15 9 21 3 15 0
46.4 1169158 36573 61467 33 8 20 6 23 0 10 2
46.5 1169553 36179 61468 38 7 17 6 19 1 12 2
46.6 1169493 36235 61459 28 6 18 7 26 1 14 2
46.7 1168799 36928 61461 28 7 19 7 24 1 15 1
46.8 1167861 37865 61459 25 8 18 8 26 0 17 0
46.9 1168132 37594 61457 24 7 18 8 27 1 17 0
47 1168371 37362 61451 26 5 14 6 31 4 15 1
47.1 1169489 36241 61469 30 9 23 7 24 0 9 0
47.2 1167676 38049 61466 35 6 20 5 13 4 18 1
47.3 1167065 38657 61463 29 10 20 4 16 0 21 2
47.4 1164918 40807 61452 24 9 13 6 24 1 25 0
47.5 1164613 41108 61458 26 11 16 5 17 0 27 0
47.6 1164300 41417 61460 19 7 28 6 21 3 18 0
47.7 1164361 41359 61458 21 7 22 8 24 1 19 0
47.8 1164442 41279 61460 25 7 21 7 21 1 19 1
47.9 1165027 40697 61457 22 9 19 7 26 0 19 0
48 1166239 39485 61456 23 9 21 3 23 2 19 2
48.1 1165680 40038 61458 19 7 25 7 23 1 20 0
48.2 1161745 43969 61466 26 8 26 6 11 1 24 0
48.3 1161869 43853 61453 20 9 20 4 23 2 24 0
48.4 1163164 42557 61463 24 9 25 5 19 1 19 0
48.5 1164806 40923 61467 32 10 21 4 18 1 16 0
48.6 1166343 39389 61455 33 8 11 3 23 0 20 4
48.7 1167658 38072 61460 29 7 16 8 26 0 16 0
48.8 1167614 38118 61454 27 10 13 4 27 0 20 1
48.9 1168301 37436 61462 31 9 18 4 28 1 10 1
49 1168949 36785 61456 27 8 16 5 30 1 14 1
49.1 1169314 36416 61458 28 5 17 8 27 2 15 0
49.2 1169155 36574 61463 27 6 22 8 27 1 11 0
49.3 1167860 37867 61452 25 6 13 8 28 0 21 1
49.4 1166931 38788 61461 25 8 22 6 18 0 22 1
49.5 1164317 41401 61457 18 8 25 6 23 1 21 0
49.6 1164640 41077 61468 30 7 25 6 11 1 21 1
49.7 1164137 41575 61459 14 9 30 6 21 0 22 0
49.8 1162351 43362 61466 25 8 27 6 11 1 24 0
49.9 1161569 44147 61472 28 9 29 6 11 0 19 0
50 1161958 43759 61460 22 9 23 6 18 0 24 0
