t ca2er ca2i ip3 s000 s001 s010 s011 s100 s101 s110 s111
0 1053875 151801 61468 12 4 34 13 9 0 26 2
0.1 1075623 130050 61466 9 6 33 13 7 0 32 0
0.2 1093221 112455 61467 15 5 29 13 5 0 32 1
0.3 1111584 94096 61475 14 5 38 13 10 0 19 1
0.4 1125758 79921 61477 19 3 34 16 6 1 21 0
0.5 1136993 68685 61471 13 3 34 16 12 0 21 1
0.6 1146200 59477 61474 15 3 36 15 9 0 20 2
0.7 1153790 51900 61471 21 3 27 15 14 2 18 0
0.8 1158174 47519 61461 19 4 19 14 19 1 23 1
0.9 1161399 44298 61461 24 6 17 9 14 3 25 2
1 1162097 43597 61471 19 10 29 8 15 0 17 2
1.1 1164326 41379 61468 24 10 22 7 20 0 15 2
1.2 1165003 40704 61457 21 7 14 10 26 2 20 0
1.3 1165868 39837 61471 28 7 23 8 17 2 13 2
1.4 1166410 39296 61461 22 9 16 9 24 0 19 1
1.5 1167763 37944 61461 19 8 20 9 27 2 15 0
1.6 1168466 37243 61467 27 8 17 10 22 1 15 0
1.7 1168617 37089 61461 20 9 18 9 26 0 17 1
1.8 1168907 36805 61467 23 8 23 8 27 2 9 0
1.9 1169835 35879 61472 32 9 17 9 21 0 12 0
2 1170124 35589 61473 30 9 22 7 21 1 9 1
2.1 1169784 35940 61470 32 15 15 3 25 0 10 0
2.2 1169866 35853 61473 35 12 19 2 16 4 12 0
2.3 1169759 35955 61464 27 12 15 5 22 1 18 0
2.4 1169413 36298 61477 29 10 26 7 19 1 8 0
2.5 1169264 36451 61464 23 11 19 6 29 0 11 1
2.6 1169662 36054 61467 27 9 19 7 26 2 10 0
2.7 1170200 35515 61470 31 8 20 6 21 3 10 1
2.8 1170544 35167 61476 31 9 22 9 19 0 10 0
2.9 1170173 35537 61466 25 9 19 8 23 1 15 0
3 1169133 36576 61462 28 8 16 5 18 3 20 2
3.1 1167854 37857 61471 30 12 18 6 17 0 17 0
3.2 1167848 37857 61467 25 10 20 7 18 0 19 1
3.3 1167532 38175 61470 28 10 20 7 17 0 17 1
3.4 1167448 38261 61469 31 7 19 7 16 3 16 1
3.5 1167312 38400 61471 32 10 18 6 17 1 15 1
3.6 1167636 38072 61471 33 9 19 5 13 1 17 3
3.7 1168472 37238 61465 27 7 18 8 22 2 15 1
3.8 1167949 37759 61465 25 6 20 9 23 1 15 1
3.9 1168359 37346 61470 27 6 23 9 17 2 16 0
4 1168382 37321 61466 22 6 25 8 21 1 15 2
4.1 1168192 37510 61468 23 10 24 6 16 0 20 1
4.2 1166259 39440 61465 19 9 25 7 17 1 22 0
4.3 1162642 43057 61461 19 10 21 6 18 0 24 2
4.4 1163228 42476 61470 24 9 24 8 18 1 16 0
4.5 1165450 40258 61463 27 6 15 10 21 2 19 0
4.6 1166405 39303 61466 29 7 15 10 19 0 20 0
4.7 1167425 38283 61457 20 6 15 11 29 0 19 0
4.8 1167752 37955 61465 28 4 18 10 20 2 17 1
4.9 1167123 38584 61466 27 6 20 8 19 2 17 1
5 1167989 37726 61464 25 11 19 4 25 1 14 1
5.1 1168312 37401 61472 28 10 22 7 22 0 11 0
5.2 1168218 37497 61459 26 8 13 7 26 2 18 0
5.3 1168658 37057 61470 36 8 12 9 18 0 17 0
5.4 1168961 36751 61467 30 9 16 7 19 1 18 0
5.5 1168613 37099 61466 29 7 17 8 22 1 15 1
5.6 1167384 38322 61463 21 8 22 7 24 0 16 2
5.7 1167533 38176 61472 29 7 22 9 20 0 12 1
5.8 1168247 37461 61460 25 7 16 7 21 2 21 1
5.9 1167097 38611 61462 25 8 18 6 20 2 20 1
6 1167303 38408 61473 31 7 22 8 19 1 11 1
6.1 1167926 37787 61471 34 11 16 5 15 0 18 1
6.2 1166861 38844 61471 25 10 24 7 17 0 17 0
6.3 1166564 39141 61469 21 9 28 6 22 0 12 2
6.4 1167992 37720 61471 26 8 23 9 25 0 9 0
6.5 1167510 38197 61468 28 9 19 7 16 1 20 0
6.6 1167216 38490 61466 26 9 20 6 18 0 19 2
6.7 1167812 37892 61466 21 7 24 9 23 0 15 1
6.8 1167506 38202 61471 30 7 20 9 18 0 15 1
6.9 1168205 37502 61465 29 6 15 10 19 0 20 1
7 1168065 37648 61472 30 10 21 6 19 1 13 0
7.1 1168630 37081 61469 31 6 18 9 19 2 15 0
7.2 1168725 36987 61463 26 11 18 3 21 1 18 2
7.3 1166593 39116 61469 25 9 25 5 19 3 14 0
7.4 1167833 37885 61481 41 12 19 4 12 0 11 1
7.5 1168630 37092 61466 32 12 13 4 24 1 14 0
7.6 1169298 36423 61464 30 11 14 4 25 2 14 0
7.7 1169531 36186 61471 34 12 15 5 18 0 16 0
7.8 1168670 37043 61466 29 10 18 4 19 2 17 1
7.9 1168238 37476 61473 33 12 19 4 15 2 15 0
8 1168836 36878 61473 32 13 20 3 15 2 15 0
8.1 1169177 36537 61470 27 12 22 4 21 2 12 0
8.2 1169476 36233 61469 25 12 24 3 19 1 14 2
8.3 1169191 36521 61469 26 12 21 5 21 1 14 0
8.4 1168284 37430 61469 28 15 20 1 19 0 15 2
8.5 1168096 37618 61470 27 12 22 4 21 2 12 0
8.6 1168250 37462 61453 20 10 14 4 28 2 20 2
8.7 1167818 37896 61464 26 10 16 7 25 1 15 0
8.8 1168739 36977 61467 28 11 18 5 24 1 12 1
8.9 1169058 36656 61464 25 14 17 3 22 1 18 0
9 1169271 36443 61464 25 13 17 4 23 1 17 0
9.1 1169296 36415 61468 28 9 17 9 22 1 14 0
9.2 1168251 37451 61469 26 7 22 9 16 2 17 1
9.3 1167489 38213 61473 27 9 23 9 14 1 17 0
9.4 1166819 38879 61470 21 10 26 8 15 2 18 0
9.5 1166025 39675 61467 22 9 27 4 12 7 19 0
9.6 1162601 43095 61461 16 12 19 9 19 0 25 0
9.7 1163512 42190 61463 17 10 21 10 25 1 16 0
9.8 1165872 39832 61469 23 10 21 10 22 0 13 1
9.9 1167620 38090 61469 31 11 14 8 18 1 16 1
10 1168279 37437 61465 33 10 8 9 22 2 16 0
10.1 1169101 36610 61469 28 11 15 10 23 0 13 0
10.2 1169269 36439 61465 24 10 17 9 23 2 15 0
10.3 1169188 36512 61474 25 11 24 9 14 1 16 0
10.4 1167455 38245 61466 22 11 18 10 18 0 21 0
10.5 1168038 37673 61463 29 9 12 8 21 3 17 1
10.6 1169008 36705 61476 33 13 18 7 17 0 12 0
10.7 1169535 36174 61466 21 12 21 7 26 0 12 1
10.8 1168774 36930 61470 29 10 17 9 14 2 19 0
10.9 1167553 38149 61464 18 9 22 10 24 2 15 0
11 1167137 38563 61465 21 10 19 10 20 0 19 1
11.1 1167079 38620 61475 27 8 23 12 14 1 15 0
11.2 1167381 38321 61472 25 10 22 10 17 1 15 0
11.3 1167265 38434 61463 19 7 20 12 22 2 18 0
11.4 1167793 37907 61470 22 8 24 11 20 1 13 1
11.5 1167377 38321 61475 26 6 27 11 14 3 12 1
11.6 1166942 38759 61467 21 11 20 10 20 0 18 0
11.7 1167758 37949 61471 30 8 17 11 18 1 15 0
11.8 1168316 37390 61470 28 7 18 12 20 1 14 0
11.9 1168699 37008 61467 27 7 17 11 22 1 14 1
12 1168660 37050 61470 26 9 20 10 24 1 10 0
12.1 1169205 36507 61461 28 9 13 6 23 2 16 3
12.2 1169652 36056 61477 32 11 20 9 16 0 11 1
12.3 1169921 35784 61464 23 9 18 9 23 1 15 2
12.4 1169686 36020 61470 24 12 20 9 21 0 14 0
12.5 1168562 37137 61462 18 8 20 11 22 2 19 0
12.6 1167551 38147 61459 14 8 23 9 24 2 19 1
12.7 1167935 37768 61473 29 7 21 11 15 2 15 0
12.8 1168270 37434 61467 22 8 20 12 24 0 14 0
12.9 1169105 36607 61474 30 10 19 10 22 0 9 0
13 1169851 35862 61464 27 8 16 8 24 4 13 0
13.1 1169505 36203 61476 30 12 21 8 16 0 13 0
13.2 1169066 36639 61462 23 10 18 6 21 1 18 3
13.3 1168435 37267 61464 22 9 18 10 20 1 20 0
13.4 1167700 38003 61461 18 10 20 8 24 1 18 1
13.5 1166932 38771 61466 21 10 23 7 20 1 17 1
13.6 1166665 39038 61463 24 8 18 8 17 2 23 0
13.7 1166597 39114 61471 36 10 15 5 11 2 20 1
13.8 1167639 38076 61473 33 12 18 5 18 0 13 1
13.9 1167536 38177 61468 28 10 20 5 21 2 13 1
14 1168479 37234 61472 31 10 21 5 17 3 13 0
14.1 1168885 36826 61469 26 12 22 4 20 1 14 1
14.2 1168441 37268 61466 25 10 20 6 20 2 17 0
14.3 1168023 37685 61462 20 10 20 7 25 1 17 0
14.4 1167036 38673 61472 26 10 25 6 19 2 12 0
14.5 1167381 38326 61466 26 8 20 7 19 2 17 1
14.6 1167433 38274 61470 25 9 24 7 20 1 13 1
14.7 1166439 39260 61464 21 4 22 12 20 2 19 0
14.8 1166810 38890 61479 28 6 28 12 14 0 12 0
14.9 1166925 38777 61463 23 6 20 9 19 1 21 1
15 1166138 39568 61469 26 7 23 8 19 2 14 1
15.1 1167579 38136 61478 44 8 12 9 11 0 15 1
15.2 1168868 36842 61467 25 5 23 9 25 4 8 1
15.3 1169334 36382 61466 30 9 16 6 23 3 12 1
15.4 1169872 35839 61462 25 8 15 9 25 2 16 0
15.5 1169038 36669 61471 25 11 22 8 20 0 14 0
15.6 1169010 36693 61462 19 9 23 6 23 1 16 3
15.7 1168428 37278 61471 24 10 24 8 21 0 12 1
15.8 1168740 36969 61473 29 9 21 9 20 0 11 1
15.9 1168776 36935 61457 21 9 14 8 30 0 16 2
16 1167802 37901 61466 28 7 16 10 17 0 20 2
16.1 1168107 37600 61465 25 8 20 7 21 2 15 2
16.2 1168570 37137 61471 26 10 22 8 19 1 14 0
16.3 1168216 37491 61467 27 11 17 7 18 0 19 1
16.4 1167435 38275 61460 23 8 17 7 24 4 17 0
16.5 1168060 37650 61470 29 12 19 5 17 1 16 1
16.6 1168825 36888 61470 29 12 19 5 21 0 12 2
16.7 1168887 36824 61473 30 12 20 6 18 0 13 1
16.8 1169055 36659 61463 25 14 15 4 23 1 18 0
16.9 1168487 37223 61464 23 12 20 4 21 3 17 0
17 1168761 36950 61477 30 13 25 4 15 2 11 0
17.1 1168829 36882 61468 30 11 18 4 17 2 16 2
17.2 1168937 36771 61472 33 10 18 6 13 1 17 2
17.3 1168023 37688 61467 24 11 20 7 24 1 13 0
17.4 1168204 37507 61470 26 11 21 7 22 1 12 0
17.5 1168617 37093 61471 27 12 23 4 19 1 12 2
17.6 1169171 36538 61466 23 11 20 7 23 1 15 0
17.7 1168507 37203 61465 24 13 18 5 22 0 17 1
17.8 1167824 37887 61461 22 13 18 3 23 2 18 1
17.9 1168483 37226 61468 21 10 25 7 25 2 10 0
18 1168245 37464 61463 24 10 17 7 23 1 17 1
18.1 1168627 37082 61470 27 9 22 7 19 3 13 0
18.2 1168689 37018 61467 26 7 21 8 20 4 13 1
18.3 1167855 37854 61480 35 14 22 4 10 0 13 2
18.4 1168790 36912 61474 24 12 25 8 17 0 13 1
18.5 1168648 37056 61471 30 8 18 10 14 3 17 0
18.6 1167631 38072 61461 20 11 17 8 22 2 19 1
18.7 1167247 38453 61473 27 11 20 10 14 0 17 1
18.8 1167840 37863 61467 23 10 19 10 21 1 15 1
18.9 1168444 37263 61473 27 13 19 9 19 0 13 0
19 1168746 36955 61477 31 10 20 11 11 1 16 0
19.1 1168262 37441 61468 23 9 19 12 22 1 14 0
19.2 1169326 36380 61478 34 9 21 9 11 4 12 0
19.3 1168628 37072 61462 18 11 20 8 21 2 19 1
19.4 1168509 37190 61471 17 14 27 8 20 0 14 0
19.5 1167674 38025 61465 19 11 21 9 19 2 19 0
19.6 1166031 39665 61462 19 9 21 8 17 3 21 2
19.7 1165560 40136 61465 19 11 21 9 17 1 21 1
19.8 1166380 39324 61468 25 12 20 6 17 1 17 2
19.9 1166834 38876 61460 20 12 18 5 26 3 15 1
20 1168104 37612 61474 31 16 18 4 20 0 10 1
20.1 1168063 37648 61467 26 14 17 5 20 2 16 0
20.2 1168199 37506 61466 21 15 20 5 19 2 18 0
20.3 1167205 38501 61478 26 17 25 5 15 0 12 0
20.4 1168733 36977 61470 28 13 15 9 22 0 12 1
20.5 1169391 36318 61466 24 10 19 8 24 3 11 1
20.6 1168465 37240 61464 26 10 15 8 18 3 19 1
20.7 1168946 36760 61468 26 15 16 6 16 1 20 0
20.8 1167148 38555 61471 21 16 24 5 17 1 16 0
20.9 1167245 38459 61475 23 14 27 6 17 3 10 0
21 1167028 38674 61465 20 13 20 7 21 1 16 2
21.1 1167123 38580 61464 19 14 18 8 23 0 17 1
21.2 1166962 38739 61463 19 13 16 10 22 0 20 0
21.3 1167995 37709 61467 23 12 17 10 21 1 16 0
21.4 1168442 37260 61465 25 8 19 8 18 4 15 3
21.5 1168435 37264 61469 24 12 19 9 16 0 18 2
21.6 1167953 37747 61467 16 13 24 9 23 1 14 0
21.7 1167645 38059 61473 25 14 24 5 16 2 12 2
21.8 1168274 37433 61474 28 14 20 7 17 1 12 1
21.9 1168027 37682 61468 28 13 14 8 20 2 14 1
22 1168500 37204 61467 21 12 19 10 23 2 13 0
22.1 1168881 36823 61472 30 13 16 8 13 1 18 1
22.2 1168475 37224 61465 19 14 18 9 19 0 21 0
22.3 1168058 37634 61468 19 9 23 12 15 2 20 0
22.4 1166509 39191 61465 20 11 19 10 20 1 19 0
22.5 1166525 39178 61462 19 14 17 7 21 1 21 0
22.6 1166051 39651 61468 23 12 20 8 17 2 18 0
22.7 1167335 38373 61472 28 12 20 7 18 2 12 1
22.8 1168255 37454 61471 30 13 14 9 19 0 14 1
22.9 1169204 36507 61472 28 14 17 8 21 2 10 0
23 1169619 36089 61470 29 11 15 10 20 1 13 1
23.1 1169447 36261 61470 28 14 15 8 18 0 17 0
23.2 1170002 35707 61472 26 13 20 8 22 0 10 1
23.3 1169667 36039 61471 27 13 19 7 19 0 12 3
23.4 1169749 35954 61463 19 12 18 9 25 0 15 2
23.5 1169684 36021 61480 33 11 21 10 12 2 11 0
23.6 1169852 35848 61468 28 8 15 12 17 0 17 3
23.7 1169468 36234 61474 32 8 16 13 15 0 14 2
23.8 1169559 36141 61467 21 7 22 12 23 1 12 2
23.9 1170030 35672 61474 29 7 20 13 18 0 11 2
24 1169941 35761 61468 23 9 19 12 22 0 14 1
24.1 1169249 36448 61470 27 6 18 14 16 0 17 2
24.2 1168490 37210 61469 25 7 19 13 19 1 15 1
24.3 1167951 37751 61464 23 9 17 10 21 1 17 2
24.4 1168449 37254 61473 27 11 21 9 16 1 14 1
24.5 1168123 37579 61479 24 12 29 9 18 0 7 1
24.6 1166940 38756 61465 22 8 19 11 15 3 22 0
24.7 1167270 38435 61468 23 14 19 7 20 1 15 1
24.8 1167721 37989 61465 26 15 13 6 21 1 17 1
24.9 1168537 37174 61467 21 15 20 6 26 3 9 0
25 1169235 36475 61467 24 15 17 6 23 1 13 1
25.1 1169171 36532 61464 24 11 15 9 20 1 18 2
25.2 1168856 36845 61473 23 13 25 7 17 1 12 2
25.3 1168082 37618 61466 22 10 21 8 18 3 16 2
25.4 1167772 37933 61468 26 13 16 8 18 1 17 1
25.5 1167704 37996 61471 23 13 21 9 16 1 17 0
25.6 1167579 38125 61466 25 13 15 8 18 3 17 1
25.7 1168216 37490 61473 26 14 19 9 20 1 10 1
25.8 1168941 36762 61464 24 10 13 12 21 2 18 0
25.9 1168918 36788 61476 30 16 19 6 14 0 13 2
26 1169306 36399 61465 15 16 21 8 28 0 12 0
26.1 1169235 36471 61475 27 14 22 7 17 2 10 1
26.2 1169368 36338 61472 26 12 21 8 19 3 10 1
26.3 1169225 36479 61469 25 15 15 9 18 0 18 0
26.4 1169946 35766 61470 26 17 17 5 22 1 11 1
26.5 1170593 35124 61477 32 17 18 5 20 2 6 0
26.6 1170630 35087 61463 20 18 16 4 31 2 9 0
26.7 1170687 35029 61460 23 14 11 7 31 1 12 1
26.8 1170888 34827 61472 30 17 15 5 21 0 11 1
26.9 1170582 35133 61463 25 17 10 6 26 0 16 0
27 1170508 35213 61468 32 14 11 6 25 3 9 0
27.1 1171004 34713 61470 30 15 14 6 23 2 10 0
27.2 1170340 35368 61474 29 13 18 9 18 1 12 0
27.3 1170171 35537 61468 22 11 22 8 24 3 10 0
27.4 1169027 36681 61472 30 13 16 8 16 1 16 0
27.5 1168019 37686 61464 23 15 15 6 18 1 22 0
27.6 1168369 37335 61472 21 16 27 3 18 1 12 2
27.7 1166923 38778 61468 21 12 23 7 18 2 16 1
27.8 1167303 38399 61468 25 11 18 9 17 1 18 1
27.9 1168267 37439 61476 22 15 29 5 20 1 7 1
28 1167816 37889 61469 23 15 21 5 17 2 17 0
28.1 1166846 38854 61460 21 10 18 6 16 5 23 1
28.2 1165817 39888 61466 22 14 18 7 20 1 18 0
28.3 1166247 39455 61468 22 15 19 7 17 1 19 0
28.4 1166784 38919 61474 25 12 24 8 16 3 12 0
28.5 1167699 38002 61478 23 14 27 9 17 0 10 0
28.6 1167588 38117 61468 23 16 16 8 20 0 17 0
28.7 1168292 37406 61466 18 11 23 9 20 3 15 1
28.8 1167423 38279 61465 26 14 15 5 15 1 20 4
28.9 1167918 37791 61477 33 14 15 10 16 1 11 0
29 1169102 36604 61474 29 15 16 9 17 0 13 1
29.1 1169610 36094 61466 26 12 13 10 20 1 16 2
29.2 1169709 35999 61468 24 12 16 11 25 2 10 0
29.3 1170026 35679 61470 26 14 16 9 18 2 15 0
29.4 1169819 35882 61468 22 15 18 8 19 0 16 2
29.5 1169233 36467 61470 23 12 20 10 18 2 14 1
29.6 1168936 36762 61479 25 12 26 11 15 0 10 1
29.7 1169096 36609 61468 22 13 19 9 24 1 10 2
29.8 1169326 36384 61471 32 14 11 9 18 1 14 1
29.9 1170076 35633 61465 23 12 15 10 26 3 11 0
30 1170243 35466 61468 29 13 11 10 21 1 14 1
30.1 1170324 35380 61472 25 13 19 10 20 1 11 1
30.2 1169677 36025 61464 23 12 16 8 21 1 15 4
30.3 1167317 38385 61462 20 16 15 6 19 1 22 1
30.4 1166523 39177 61477 28 12 22 10 12 2 14 0
30.5 1167472 38226 61470 23 11 21 10 17 1 15 2
30.6 1167203 38496 61468 24 11 16 12 17 1 19 0
30.7 1168227 37476 61472 28 8 19 12 18 3 11 1
30.8 1169202 36506 61470 29 10 16 10 20 3 11 1
30.9 1169665 36046 61473 28 16 17 7 20 1 11 0
31 1170215 35495 61473 26 16 19 7 21 1 10 0
31.1 1170115 35589 61476 29 14 18 10 15 0 14 0
31.2 1170503 35204 61471 28 12 16 10 21 0 11 2
31.3 1170831 34882 61467 28 14 12 8 24 1 12 1
31.4 1170404 35307 61466 28 13 12 8 22 2 14 1
31.5 1170242 35469 61470 29 14 15 7 20 2 12 1
31.6 1170625 35087 61476 34 14 14 9 17 1 11 0
31.7 1170879 34837 61467 31 12 10 9 24 3 11 0
31.8 1171187 34529 61468 31 16 10 6 23 0 12 2
31.9 1171380 34334 61478 34 14 16 9 19 1 7 0
32 1170964 34749 61464 23 14 15 7 29 1 9 2
32.1 1171232 34483 61472 34 17 10 6 18 0 14 1
32.2 1171224 34490 61468 26 17 14 6 25 0 11 1
32.3 1171020 34690 61475 34 13 15 8 16 1 11 2
32.4 1170407 35301 61466 25 11 14 11 25 1 12 1
32.5 1170204 35500 61468 23 11 20 9 22 2 11 2
32.6 1169732 35974 61470 24 13 19 9 22 1 11 1
32.7 1169996 35708 61464 19 10 20 10 26 4 10 1
32.8 1169859 35846 61465 26 13 12 9 19 2 18 1
32.9 1169615 36083 61464 18 12 22 7 19 3 17 2
33 1169408 36297 61467 27 10 18 7 18 3 14 3
33.1 1168899 36806 61466 22 12 16 11 24 0 15 0
33.2 1169463 36247 61466 26 14 16 5 22 1 13 3
33.3 1170210 35501 61463 23 14 15 6 25 2 14 1
33.4 1170093 35620 61472 28 14 18 7 22 1 10 0
33.5 1170451 35263 61467 30 12 13 7 22 2 13 1
33.6 1170534 35174 61478 36 14 17 6 11 0 13 3
33.7 1170180 35528 61467 26 12 17 7 21 2 13 2
33.8 1170222 35487 61465 22 12 21 5 24 4 10 2
33.9 1169570 36136 61461 21 16 14 5 21 1 21 1
34 1168613 37092 61465 25 13 15 7 19 3 16 2
34.1 1169034 36674 61470 29 16 13 7 16 2 17 0
34.2 1169221 36487 61471 33 15 11 7 13 2 18 1
34.3 1169768 35939 61470 31 11 13 10 17 3 14 1
34.4 1169510 36198 61471 23 17 19 7 23 0 10 1
34.5 1169657 36046 61471 26 15 17 8 16 1 16 1
34.6 1169826 35884 61475 30 12 19 9 19 3 8 0
34.7 1170005 35705 61460 23 16 9 7 24 1 20 0
34.8 1169999 35710 61471 29 15 15 7 17 2 15 0
34.9 1170237 35473 61469 24 14 19 7 24 2 9 1
35 1170278 35437 61461 26 15 8 7 27 1 15 1
35.1 1170306 35407 61467 28 13 14 7 22 4 12 0
35.2 1170056 35654 61464 23 13 14 9 26 2 13 0
35.3 1170242 35470 61470 30 14 14 7 21 2 10 2
35.4 1170737 34975 61472 33 16 10 8 19 0 12 2
35.5 1170569 35139 61467 22 17 15 8 25 0 12 1
35.6 1170860 34848 61468 21 14 19 9 28 1 6 2
35.7 1171047 34660 61469 31 14 10 9 17 1 16 2
35.8 1170608 35097 61470 25 12 18 10 22 2 9 2
35.9 1170890 34817 61473 26 14 19 9 21 2 8 1
36 1170517 35191 61459 19 17 14 4 27 0 15 4
36.1 1169568 36141 61463 20 19 16 3 22 3 17 0
36.2 1169104 36601 61468 21 17 19 6 20 2 15 0
36.3 1169250 36453 61479 29 18 20 7 11 1 14 0
36.4 1169679 36028 61478 27 18 22 6 17 0 9 1
36.5 1170097 35608 61472 24 14 21 8 20 2 10 1
36.6 1169628 36077 61463 19 15 14 10 26 0 16 0
36.7 1170051 35655 61467 26 11 14 11 22 3 12 1
36.8 1170231 35473 61469 23 18 14 9 20 0 16 0
36.9 1169805 35900 61476 28 15 18 10 17 2 10 0
37 1169209 36496 61459 19 18 8 9 25 0 21 0
37.1 1169779 35928 61466 24 16 13 8 23 1 13 2
37.2 1169452 36256 61476 32 16 14 9 16 1 11 1
37.3 1169790 35909 61467 21 13 15 13 22 0 15 1
37.4 1169666 36025 61474 24 10 19 16 13 1 17 0
37.5 1169715 35980 61474 22 13 23 11 15 2 13 1
37.6 1169074 36620 61473 19 14 25 10 17 3 10 2
37.7 1167954 37738 61460 16 15 14 10 19 0 23 3
37.8 1167787 37911 61468 22 12 18 11 18 3 15 1
37.9 1168476 37220 61474 28 11 16 14 13 1 16 1
38 1168977 36714 61468 17 12 21 13 17 2 18 0
38.1 1165996 39692 61466 14 15 22 10 15 2 21 1
38.2 1166305 39386 61473 19 17 23 9 13 0 17 2
38.3 1166374 39320 61474 22 18 21 8 13 0 15 3
38.4 1167131 38567 61468 19 17 16 11 21 0 15 1
38.5 1168218 37478 61467 22 14 14 12 18 2 16 2
38.6 1168718 36978 61471 23 14 17 12 16 3 14 1
38.7 1169488 36212 61462 22 12 12 11 21 4 16 2
38.8 1169234 36465 61471 22 17 16 11 18 1 15 0
38.9 1169372 36325 61460 15 14 17 9 24 3 15 3
39 1169640 36058 61459 18 13 14 9 24 2 15 5
39.1 1169707 35986 61469 18 13 20 13 19 2 14 1
39.2 1169628 36063 61471 18 15 21 12 17 0 15 2
39.3 1169072 36624 61477 24 16 21 11 14 1 12 1
39.4 1168341 37349 61466 18 12 21 10 16 3 16 4
39.5 1168447 37245 61467 19 14 16 13 16 2 20 0
39.6 1168622 37067 61467 18 12 20 12 16 2 17 3
39.7 1168259 37436 61467 23 16 14 9 14 1 20 3
39.8 1167625 38070 61474 25 16 14 14 14 0 17 0
39.9 1168652 37045 61468 20 14 18 11 20 3 12 2
40 1169050 36646 61477 28 16 18 10 9 3 15 1
40.1 1169343 36350 61474 21 16 22 10 14 2 13 2
40.2 1169019 36676 61473 17 17 22 12 20 1 11 0
40.3 1169139 36562 61473 24 18 17 9 16 3 13 0
40.4 1169655 36044 61481 30 16 19 11 11 2 10 1
40.5 1169723 35976 61472 18 18 19 12 23 0 10 0
40.6 1170019 35678 61475 25 15 18 12 15 2 12 1
40.7 1170332 35365 61475 23 16 19 12 18 0 10 2
40.8 1170154 35542 61481 32 11 15 18 12 1 11 0
40.9 1170134 35561 61468 23 9 15 16 20 3 12 2
41 1170441 35257 61475 25 10 18 17 20 3 7 0
41.1 1170760 34936 61470 25 11 12 17 20 0 13 2
41.2 1170830 34873 61465 27 10 10 13 22 3 12 3
41.3 1171045 34660 61469 21 16 14 13 27 0 9 0
41.4 1170883 34821 61473 24 17 17 10 21 1 9 1
41.5 1170607 35098 61470 26 18 13 8 19 2 12 2
41.6 1170878 34828 61470 24 19 14 8 21 2 11 1
41.7 1170548 35154 61467 20 19 16 7 21 2 13 2
41.8 1169796 35901 61476 24 17 20 10 13 3 13 0
41.9 1169083 36611 61479 24 18 20 12 12 0 14 0
42 1169128 36568 61468 19 17 16 11 18 1 18 0
42.1 1168787 36911 61469 19 16 20 9 19 3 13 1
42.2 1168732 36963 61475 17 17 25 11 19 1 10 0
42.3 1168015 37679 61474 25 15 20 9 10 3 16 2
42.4 1168090 37601 61472 19 14 23 11 14 3 15 1
42.5 1166718 38973 61470 20 15 21 9 11 4 19 1
42.6 1166486 39205 61469 19 16 18 11 14 1 20 1
42.7 1165751 39937 61466 13 17 20 11 16 1 22 0
42.8 1164625 41064 61471 18 14 20 14 15 1 18 0
42.9 1166795 38894 61470 20 11 21 13 16 1 14 4
43 1166941 38745 61473 23 11 18 16 11 0 19 2
43.1 1166749 38943 61472 23 11 21 12 12 3 17 1
43.2 1167435 38261 61471 23 15 17 11 14 2 18 0
43.3 1167595 38098 61474 21 14 24 10 14 2 13 2
43.4 1167912 37781 61465 17 13 17 13 20 1 18 1
43.5 1167799 37904 61470 28 14 12 11 17 1 16 1
43.6 1168673 37028 61471 22 15 19 10 20 1 12 1
43.7 1168221 37474 61467 25 14 13 10 11 2 24 1
43.8 1168433 37261 61475 22 13 22 13 16 0 13 1
43.9 1167969 37726 61467 21 9 17 15 19 3 16 0
44 1167578 38121 61472 26 14 15 12 16 1 15 1
44.1 1168564 37129 61470 19 13 20 13 18 1 15 1
44.2 1168228 37468 61476 24 13 20 14 17 0 11 1
44.3 1168115 37587 61467 28 14 8 12 17 1 19 1
44.4 1168467 37232 61462 19 16 10 12 22 0 21 0
44.5 1168622 37075 61464 15 17 16 11 23 0 18 0
44.6 1167926 37771 61472 23 16 17 11 16 0 16 1
44.7 1168073 37625 61466 25 16 10 10 15 0 22 2
44.8 1167361 38330 61475 20 14 23 13 15 0 14 1
44.9 1167189 38504 61469 21 13 19 11 15 2 17 2
45 1167094 38599 61479 18 17 29 10 15 2 9 0
45.1 1167433 38256 61478 20 16 24 13 12 0 15 0
45.2 1167068 38620 61472 21 11 23 12 11 4 16 2
45.3 1166835 38856 61471 22 10 21 13 14 4 14 2
45.4 1167337 38359 61472 22 15 18 12 17 0 15 1
45.5 1167766 37927 61473 22 13 19 14 15 1 16 0
45.6 1167866 37831 61475 27 15 17 11 12 1 16 1
45.7 1169029 36666 61469 18 14 19 13 20 1 15 0
45.8 1168809 36883 61470 22 11 19 13 15 2 16 2
45.9 1168363 37332 61467 19 12 22 9 18 2 15 3
46 1168224 37472 61466 15 11 22 13 25 0 13 1
46.1 1168582 37115 61471 25 10 19 12 15 2 16 1
46.2 1169130 36564 61474 22 10 24 13 16 1 13 1
46.3 1168875 36820 61471 21 11 23 11 16 2 15 1
46.4 1168359 37340 61470 20 15 21 9 18 1 16 0
46.5 1168952 36752 61474 28 15 19 7 14 2 14 1
46.6 1168088 37611 61471 27 15 16 8 11 1 21 1
46.7 1167331 38367 61479 30 15 19 10 8 0 18 0
46.8 1167896 37799 61473 20 13 24 11 17 0 14 1
46.9 1168298 37402 61479 30 12 23 9 12 1 10 3
47 1169342 36360 61478 27 13 22 11 17 0 9 1
47.1 1169498 36204 61469 23 11 18 12 21 2 13 0
47.2 1169579 36123 61468 23 11 17 12 21 2 14 0
47.3 1169660 36046 61472 28 12 16 11 20 1 11 1
47.4 1170086 35619 61463 25 13 10 10 22 1 17 2
47.5 1170155 35555 61471 26 15 17 8 22 2 10 0
47.6 1170365 35343 61470 28 12 16 9 20 2 12 1
47.7 1170048 35656 61466 22 10 17 12 24 2 13 0
47.8 1169301 36409 61462 24 14 9 10 26 0 17 0
47.9 1169224 36481 61464 23 10 16 10 23 3 14 1
48 1170005 35698 61473 29 11 17 11 17 0 13 2
48.1 1169893 35809 61470 25 10 17 13 20 1 14 0
48.2 1169995 35709 61466 25 10 15 11 21 2 15 1
48.3 1170298 35414 61467 23 12 17 10 29 2 7 0
48.4 1170691 35019 61465 24 14 12 10 26 0 14 0
48.5 1170678 35034 61479 35 15 17 7 15 1 9 1
48.6 1170069 35636 61467 21 13 19 9 23 2 13 0
48.7 1169692 36016 61474 34 13 13 9 14 1 15 1
48.8 1169823 35874 61476 22 12 25 12 17 0 12 0
48.9 1169465 36234 61472 26 11 23 7 15 1 12 5
49 1169332 36374 61470 22 16 19 8 22 0 13 0
49.1 1169187 36518 61468 25 13 17 8 19 1 16 1
49.2 1169364 36338 61472 24 13 21 9 17 2 14 0
49.3 1168710 36993 61475 24 13 23 10 19 1 10 0
49.4 1169224 36481 61467 23 13 18 8 21 2 14 1
49.5 1168652 37046 61475 24 15 21 10 14 0 16 0
49.6 1167639 38059 61470 24 14 19 8 15 1 16 3
49.7 1168245 37453 61465 20 14 18 8 18 2 18 2
49.8 1167334 38365 61469 22 16 17 9 17 0 18 1
49.9 1167980 37720 61476 22 16 25 8 17 1 10 1
50 1168610 37091 61473 26 14 18 10 17 0 13 2
