t ca2er ca2i ip3 s000 s001 s010 s011 s100 s101 s110 s111
0 1053875 151801 61468 10 6 33 16 8 0 25 2
0.1 1081623 124055 61469 10 6 33 17 10 1 22 1
0.2 1105595 100085 61472 11 7 34 17 10 1 20 0
0.3 1121549 84134 61464 11 8 29 13 12 0 24 3
0.4 1136694 68993 61460 10 7 25 15 16 2 25 0
0.5 1146746 58949 61463 20 9 18 13 14 0 24 2
0.6 1155747 49955 61471 25 10 21 12 14 1 16 1
0.7 1161087 44618 61465 24 7 16 15 21 1 15 1
0.8 1164561 41144 61464 27 9 13 12 15 2 21 1
0.9 1166849 38861 61470 28 12 16 11 17 0 16 0
1 1167695 38014 61462 20 13 17 9 23 0 17 1
1.1 1167412 38293 61459 15 14 19 8 23 0 20 1
1.2 1168029 37681 61457 15 12 21 6 28 3 12 3
1.3 1168848 36864 61464 28 11 13 9 19 1 17 2
1.4 1168963 36748 61471 25 12 22 9 20 1 10 1
1.5 1168854 36857 61471 28 12 21 7 16 2 12 2
1.6 1169381 36334 61476 32 15 18 8 15 1 11 0
1.7 1169567 36151 61465 28 14 13 7 22 2 13 1
1.8 1169933 35781 61467 26 12 16 10 22 2 12 0
1.9 1170219 35495 61461 22 13 13 10 26 1 15 0
2 1170233 35484 61465 25 14 17 6 25 0 10 3
2.1 1170377 35330 61478 24 13 29 9 17 0 7 1
2.2 1170135 35573 61468 21 11 24 9 21 1 12 1
2.3 1169564 36146 61467 22 11 23 8 21 2 12 1
2.4 1169751 35961 61465 23 11 21 7 22 2 12 2
2.5 1169697 36016 61465 28 12 14 8 18 1 18 1
2.6 1169614 36100 61469 29 10 17 10 20 1 12 1
2.7 1170029 35688 61469 29 9 19 9 23 2 7 2
2.8 1170546 35170 61459 26 10 12 8 26 0 14 4
2.9 1170116 35597 61469 28 12 17 9 18 1 15 0
3 1170187 35530 61464 27 15 14 5 21 0 16 2
3.1 1169834 35876 61477 29 13 24 8 13 1 12 0
3.2 1169753 35959 61470 25 13 22 7 19 1 12 1
3.3 1169405 36309 61464 23 13 19 6 21 3 15 0
3.4 1169115 36600 61467 25 12 22 5 20 4 11 1
3.5 1168982 36736 61461 23 15 14 6 26 0 15 1
3.6 1169347 36375 61473 35 15 13 7 18 0 12 0
3.7 1170088 35636 61470 34 12 15 6 21 3 8 1
3.8 1170418 35300 61464 30 11 13 7 20 3 15 1
3.9 1170205 35517 61471 34 14 14 6 18 2 12 0
4 1170293 35427 61463 30 11 14 5 21 5 12 2
4.1 1170223 35488 61473 29 15 19 7 14 0 15 1
4.2 1169591 36120 61470 25 14 20 8 18 1 14 0
4.3 1169819 35894 61471 32 10 16 10 16 2 13 1
4.4 1170160 35559 61455 21 13 9 9 32 0 15 1
4.5 1170559 35162 61457 23 10 13 8 31 4 10 1
4.6 1170616 35100 61473 33 12 15 10 17 1 12 0
4.7 1170308 35404 61463 25 12 15 8 20 2 17 1
4.8 1169360 36350 61475 30 13 21 8 13 1 13 1
4.9 1169795 35925 61469 30 14 13 9 23 0 11 0
5 1170358 35358 61463 26 12 15 7 24 1 12 3
5.1 1170671 35047 61471 32 12 16 8 20 1 9 2
5.2 1170760 34957 61467 33 12 9 10 19 0 16 1
5.3 1170939 34776 61464 26 12 15 8 23 1 13 2
5.4 1170812 34899 61473 29 13 20 8 15 1 13 1
5.5 1169724 35989 61460 22 13 14 8 24 1 17 1
5.6 1169791 35924 61470 32 11 15 9 17 2 13 1
5.7 1169510 36201 61464 24 10 16 11 24 0 13 2
5.8 1170023 35689 61476 29 11 22 11 18 1 8 0
5.9 1169690 36021 61471 30 9 18 11 16 2 14 0
6 1169337 36368 61460 20 6 20 11 23 2 15 3
6.1 1168997 36712 61469 29 8 19 10 16 1 15 2
6.2 1168839 36869 61463 19 9 22 10 25 0 13 2
6.3 1168926 36785 61474 31 8 22 10 15 2 11 1
6.4 1168903 36810 61467 27 9 18 10 20 1 15 0
6.5 1168628 37088 61465 25 12 19 6 23 0 13 2
6.6 1168931 36782 61456 25 8 13 7 22 2 20 3
6.7 1169063 36648 61473 27 9 24 10 18 0 12 0
6.8 1168144 37569 61463 21 11 20 8 24 0 16 0
6.9 1168047 37667 61468 27 10 23 5 17 2 15 1
7 1167774 37946 61466 32 8 16 7 19 2 16 0
7.1 1168835 36886 61472 34 9 18 8 19 0 12 0
7.2 1169668 36052 61470 31 9 21 6 21 0 10 2
7.3 1170438 35280 61472 32 7 21 9 20 1 9 1
7.4 1170020 35689 61473 31 9 21 9 12 0 17 1
7.5 1168180 37534 61462 24 10 20 5 22 1 15 3
7.6 1168388 37329 61463 27 9 14 10 24 0 16 0
7.7 1169009 36712 61473 35 10 16 9 20 0 9 1
7.8 1170072 35649 61461 29 9 11 9 26 1 14 1
7.9 1170480 35238 61467 28 8 17 11 26 0 9 1
8 1170312 35405 61460 26 11 13 7 24 1 16 2
8.1 1170555 35168 61461 28 11 11 8 28 1 12 1
8.2 1170608 35114 61466 24 13 19 7 29 1 7 0
8.3 1170531 35184 61465 26 10 19 7 23 1 11 3
8.4 1170518 35194 61466 24 10 20 9 21 2 14 0
8.5 1168856 36855 61465 23 12 21 6 19 2 16 1
8.6 1168455 37257 61468 28 11 19 7 17 1 15 2
8.7 1168526 37187 61462 28 9 12 10 20 1 19 1
8.8 1169154 36563 61468 33 10 14 8 17 2 15 1
8.9 1169167 36548 61471 29 14 19 6 17 0 14 1
9 1168597 37116 61470 24 16 22 5 19 0 13 1
9.1 1167274 38438 61474 25 15 26 5 17 0 11 1
9.2 1166697 39010 61465 22 14 20 6 16 0 21 1
9.3 1167067 38644 61458 18 13 19 5 23 2 19 1
9.4 1167046 38665 61469 26 14 19 7 16 1 17 0
9.5 1168123 37593 61465 25 16 15 6 21 0 17 0
9.6 1168448 37267 61461 21 13 20 4 24 3 13 2
9.7 1168375 37337 61463 20 14 21 5 22 2 15 1
9.8 1168100 37614 61466 28 12 18 5 16 4 16 1
9.9 1168170 37548 61471 32 14 16 6 16 2 14 0
10 1169082 36634 61463 25 12 16 7 22 3 15 0
10.1 1168728 36988 61462 25 13 12 9 24 0 17 0
10.2 1169468 36249 61459 24 11 13 8 26 2 15 1
10.3 1169652 36058 61475 32 8 21 11 13 3 12 0
10.4 1169946 35763 61464 18 9 24 10 25 3 11 0
10.5 1170239 35467 61470 25 8 23 11 16 3 14 0
10.6 1169970 35741 61469 24 12 20 10 21 0 13 0
10.7 1169910 35805 61468 27 12 17 9 21 1 13 0
10.8 1169836 35875 61465 20 12 23 7 24 1 11 2
10.9 1168367 37342 61469 24 10 22 10 20 1 12 1
11 1168018 37693 61472 31 12 17 9 14 0 16 1
11.1 1168630 37086 61473 33 12 16 9 17 0 12 1
11.2 1169401 36318 61461 30 11 8 9 22 2 18 0
11.3 1169958 35758 61469 31 11 14 10 19 2 13 0
11.4 1170131 35585 61470 27 14 18 8 22 0 10 1
11.5 1170241 35469 61463 24 11 16 9 20 2 17 1
11.6 1169226 36482 61471 23 13 22 10 19 0 13 0
11.7 1168887 36818 61465 24 9 18 11 17 2 18 1
11.8 1167272 38434 61472 24 10 24 11 18 1 11 1
11.9 1167203 38497 61467 22 9 22 11 15 1 18 2
12 1167171 38535 61470 24 10 23 10 17 1 14 1
12.1 1166862 38844 61459 17 12 19 8 23 0 19 2
12.2 1167692 38019 61460 22 9 16 10 24 2 16 1
12.3 1168727 36990 61469 31 10 15 10 20 1 13 0
12.4 1169365 36351 61470 31 9 15 12 21 0 12 0
12.5 1169956 35757 61471 30 8 18 12 19 1 12 0
12.6 1169363 36347 61474 29 9 22 11 16 0 13 0
12.7 1168961 36755 61466 28 10 17 8 21 1 14 1
12.8 1169471 36247 61461 24 9 16 9 27 2 13 0
12.9 1168648 37069 61467 29 11 17 7 21 0 13 2
13 1169050 36667 61461 26 11 15 6 24 0 15 3
13.1 1168994 36723 61464 26 11 17 7 23 1 14 1
13.2 1169240 36472 61470 29 9 20 9 17 1 14 1
13.3 1169007 36703 61467 27 10 19 8 16 1 18 1
13.4 1169078 36636 61461 23 11 17 7 24 0 16 2
13.5 1168659 37058 61468 29 9 21 6 18 5 12 0
13.6 1167915 37804 61465 29 13 17 3 17 3 18 0
13.7 1167356 38357 61457 19 11 20 4 23 3 19 1
13.8 1167761 37958 61464 25 12 18 6 24 1 14 0
13.9 1168351 37367 61464 25 13 18 5 23 0 15 1
14 1168876 36843 61466 29 15 16 3 18 0 18 1
14.1 1168385 37331 61464 28 13 15 5 17 1 21 0
14.2 1167827 37885 61465 22 14 22 4 18 1 19 0
14.3 1166853 38857 61458 17 11 23 4 22 3 19 1
14.4 1166978 38736 61468 28 12 19 6 16 1 18 0
14.5 1167467 38244 61459 17 12 21 6 25 0 18 1
14.6 1166912 38806 61464 31 11 14 5 17 2 19 1
14.7 1166962 38750 61459 20 8 20 8 24 3 17 0
14.8 1167503 38210 61467 25 10 22 7 20 1 14 1
14.9 1166720 38992 61458 24 10 14 7 19 1 25 0
15 1166520 39193 61466 23 9 24 7 21 2 14 0
15.1 1167557 38157 61462 24 8 19 8 22 2 17 0
15.2 1167464 38253 61472 29 8 23 9 21 1 9 0
15.3 1168260 37459 61459 25 7 16 8 27 2 14 1
15.4 1168559 37162 61466 32 9 16 6 21 1 13 2
15.5 1169356 36365 61466 28 9 18 8 25 0 12 0
15.6 1168930 36793 61452 21 5 14 9 36 2 12 1
15.7 1169065 36655 61475 35 6 21 10 19 0 9 0
15.8 1169311 36411 61468 34 6 17 8 21 1 12 1
15.9 1169074 36650 61459 28 10 15 3 23 2 19 0
16 1168968 36757 61465 29 10 18 5 25 0 13 0
16.1 1169635 36093 61466 32 7 19 5 25 3 9 0
16.2 1169796 35929 61464 27 11 19 4 27 0 11 1
16.3 1169782 35941 61463 30 7 15 8 25 1 14 0
16.4 1170370 35352 61460 26 7 17 7 29 0 12 2
16.5 1170268 35454 61462 27 8 17 7 27 0 13 1
16.6 1169205 36507 61468 31 5 19 10 15 1 19 0
16.7 1168208 37507 61466 29 10 20 4 15 1 20 1
16.8 1167507 38207 61465 26 10 21 5 17 1 20 0
16.9 1165916 39798 61464 23 9 25 4 21 0 16 2
17 1166371 39348 61461 24 10 20 4 23 1 18 0
17.1 1167597 38120 61472 36 9 19 5 11 1 18 1
17.2 1168217 37501 61460 27 8 17 5 20 3 20 0
17.3 1167576 38140 61461 21 9 22 6 25 1 16 0
17.4 1167665 38048 61461 20 7 24 7 24 2 16 0
17.5 1167867 37845 61472 27 8 28 6 16 1 13 1
17.6 1167350 38360 61465 24 9 22 7 17 0 21 0
17.7 1166926 38785 61467 27 7 24 6 15 2 18 1
17.8 1163649 42061 61453 20 8 16 6 21 1 27 1
17.9 1164453 41265 61465 28 8 21 5 22 0 13 3
18 1166188 39530 61466 31 10 17 5 17 0 19 1
18.1 1167539 38180 61468 25 12 25 3 22 0 12 1
18.2 1167242 38479 61459 26 11 14 5 24 0 20 0
18.3 1167024 38696 61455 24 8 15 5 26 2 19 1
18.4 1167770 37951 61467 26 10 22 6 25 0 11 0
18.5 1167993 37726 61456 24 6 16 7 27 0 19 1
18.6 1167926 37797 61469 33 7 20 6 21 0 12 1
18.7 1168248 37469 61472 32 6 24 7 16 1 14 0
18.8 1168412 37310 61466 28 10 23 2 21 2 13 1
18.9 1168849 36872 61464 27 11 20 3 21 1 17 0
19 1169080 36641 61465 25 10 24 3 23 2 13 0
19.1 1168726 36992 61465 25 8 23 6 23 1 14 0
19.2 1168552 37162 61465 26 7 23 6 19 1 17 1
19.3 1167758 37963 61461 27 8 17 6 24 1 17 0
19.4 1168781 36948 61461 33 8 11 6 26 1 15 0
19.5 1169333 36391 61458 29 6 14 6 26 2 16 1
19.6 1169331 36393 61457 26 8 14 6 29 0 16 1
19.7 1169328 36395 61469 36 8 17 5 18 0 14 2
19.8 1169886 35844 61462 32 8 13 6 28 1 12 0
19.9 1170544 35189 61469 41 8 11 6 22 1 11 0
20 1170752 34981 61467 40 7 12 5 23 1 11 1
20.1 1170929 34805 61464 34 9 13 5 29 0 10 0
20.2 1170770 34960 61469 33 9 19 5 26 0 8 0
20.3 1170680 35051 61468 35 9 17 4 24 1 10 0
20.4 1170527 35201 61466 35 7 17 4 21 2 14 0
20.5 1169086 36636 61469 33 10 20 3 16 0 18 0
20.6 1167991 37728 61462 26 10 19 4 21 0 20 0
20.7 1166864 38860 61454 30 8 10 3 22 2 24 1
20.8 1167147 38571 61463 27 7 20 6 21 1 18 0
20.9 1166863 38852 61466 27 6 25 5 18 2 16 1
21 1166926 38793 61466 25 9 24 5 23 0 14 0
21.1 1167562 38160 61478 38 8 24 5 13 1 11 0
21.2 1168355 37368 61463 26 9 21 4 26 0 13 1
21.3 1167812 37905 61465 27 8 21 6 20 0 18 0
21.4 1168205 37516 61465 30 7 20 5 22 0 14 2
21.5 1169010 36711 61465 31 7 18 6 20 1 17 0
21.6 1169628 36098 61453 23 9 13 5 32 1 17 0
21.7 1169456 36269 61464 32 11 14 4 21 0 18 0
21.8 1169562 36159 61459 24 9 20 3 27 1 13 3
21.9 1168881 36836 61461 21 10 22 5 25 1 16 0
22 1168108 37609 61468 30 9 20 6 17 1 17 0
22.1 1168005 37713 61465 32 7 15 8 19 1 17 1
22.2 1168926 36796 61474 37 8 19 7 17 1 10 1
22.3 1169145 36581 61458 26 9 12 8 32 0 13 0
22.4 1169960 35766 61469 36 9 13 8 22 1 11 0
22.5 1170369 35353 61460 28 7 13 9 28 1 13 1
22.6 1170322 35397 61469 33 7 17 9 21 0 11 2
22.7 1170440 35277 61464 27 5 19 10 26 1 10 2
22.8 1170321 35397 61473 34 8 18 10 18 1 11 0
22.9 1170032 35683 61467 25 7 21 11 25 1 10 0
23 1169763 35952 61468 31 9 15 10 18 0 17 0
23.1 1169462 36250 61476 33 7 23 10 15 0 10 2
23.2 1169290 36421 61466 26 8 19 10 20 0 16 1
23.3 1168802 36911 61463 26 5 19 10 22 3 14 1
23.4 1168845 36863 61467 24 6 24 10 19 2 14 1
23.5 1166354 39350 61456 19 7 15 12 21 0 26 0
23.6 1166706 38999 61466 24 6 20 13 18 0 19 0
23.7 1167345 38359 61465 21 8 21 12 19 0 19 0
23.8 1166734 38971 61458 20 6 21 8 20 3 19 3
23.9 1165866 39840 61471 26 10 24 8 13 0 18 1
24 1165358 40344 61465 16 12 26 8 18 0 20 0
24.1 1165310 40397 61471 20 12 28 8 19 0 13 0
24.2 1166319 39392 61470 31 9 18 9 13 2 18 0
24.3 1167065 38648 61472 26 12 23 8 19 0 12 0
24.4 1167462 38249 61471 28 11 21 8 15 1 16 0
24.5 1168197 37517 61466 25 11 19 8 21 1 15 0
24.6 1168971 36742 61471 27 10 23 8 19 1 11 1
24.7 1169145 36568 61466 24 8 20 11 24 1 12 0
24.8 1168705 37011 61466 30 9 17 7 19 2 14 2
24.9 1169600 36113 61477 29 10 25 10 18 0 8 0
25 1168645 37064 61463 20 10 20 10 23 0 17 0
25.1 1167478 38227 61467 20 9 25 10 19 1 16 0
25.2 1167107 38598 61458 23 8 17 7 15 3 25 2
25.3 1166374 39335 61469 24 12 22 8 17 0 17 0
25.4 1165884 39823 61465 23 12 21 6 15 1 21 1
25.5 1166545 39159 61467 19 9 28 8 18 2 15 1
25.6 1166441 39267 61470 25 10 24 8 16 1 15 1
25.7 1167250 38460 61466 29 9 18 7 15 1 18 3
25.8 1166287 39419 61466 23 10 23 7 16 1 18 2
25.9 1166264 39444 61468 24 9 23 9 18 1 15 1
26 1167381 38329 61470 27 10 25 5 14 3 14 2
26.1 1167410 38295 61471 24 13 26 5 12 1 17 2
26.2 1166942 38769 61471 25 14 24 5 15 1 16 0
26.3 1166912 38801 61463 19 13 22 6 24 1 15 0
26.4 1166577 39130 61457 16 13 19 6 22 0 23 1
26.5 1166217 39494 61466 30 10 18 5 13 2 19 3
26.6 1165982 39730 61464 26 12 18 5 17 1 19 2
26.7 1166706 39005 61462 19 11 24 5 23 2 14 2
26.8 1167648 38060 61462 18 10 23 8 22 2 17 0
26.9 1167456 38250 61466 18 8 28 9 21 3 13 0
27 1166400 39305 61461 17 13 21 7 19 0 23 0
27.1 1165581 40127 61463 22 12 21 5 16 2 21 1
27.2 1165457 40254 61464 19 14 24 4 20 2 17 0
27.3 1165877 39829 61468 20 12 27 6 17 1 16 1
27.4 1166231 39474 61468 25 11 21 8 12 1 22 0
27.5 1165472 40235 61467 21 10 24 9 19 1 16 0
27.6 1166423 39284 61469 22 10 26 8 18 1 14 1
27.7 1166727 38980 61468 21 11 25 8 18 1 16 0
27.8 1167819 37891 61470 26 11 23 7 17 0 14 2
27.9 1168620 37094 61472 30 10 19 10 18 0 13 0
28 1168776 36935 61470 27 9 22 9 18 1 13 1
28.1 1168561 37151 61470 28 9 21 9 18 1 13 1
28.2 1168249 37466 61460 20 10 20 7 27 2 13 1
28.3 1168929 36785 61469 22 12 25 7 24 0 9 1
28.4 1169470 36247 61466 25 13 22 3 22 1 11 3
28.5 1169583 36134 61468 28 12 18 7 20 1 14 0
28.6 1168209 37505 61465 22 12 21 7 24 0 13 1
28.7 1167938 37769 61469 23 7 27 9 17 4 13 0
28.8 1168075 37637 61460 21 10 17 9 24 1 18 0
28.9 1167695 38017 61471 26 9 23 10 20 1 11 0
29 1168842 36875 61462 22 9 21 7 28 2 9 2
29.1 1168258 37460 61467 36 10 10 8 15 1 19 1
29.2 1169326 36392 61465 24 9 22 7 26 3 8 1
29.3 1169743 35977 61468 27 13 20 5 23 1 10 1
29.4 1170022 35694 61470 27 12 21 7 20 1 12 0
29.5 1169610 36106 61460 23 11 17 6 24 2 16 1
29.6 1170009 35711 61474 31 12 21 7 20 1 8 0
29.7 1170295 35423 61466 32 9 13 9 19 2 16 0
29.8 1169163 36554 61461 29 9 11 9 21 2 19 0
29.9 1169101 36614 61469 28 10 20 8 19 3 12 0
30 1169640 36074 61462 21 12 20 6 24 2 14 1
30.1 1169539 36171 61471 27 11 24 6 16 1 12 3
30.2 1169163 36548 61467 24 10 21 9 20 3 13 0
30.3 1169140 36562 61473 20 11 27 12 18 0 12 0
30.4 1167354 38348 61461 15 12 21 10 22 0 19 1
30.5 1166317 39386 61466 22 13 18 10 15 0 22 0
30.6 1166709 39000 61472 26 12 21 10 18 0 12 1
30.7 1168308 37401 61472 29 8 20 12 17 2 11 1
30.8 1169091 36619 61464 22 11 18 10 23 1 14 1
30.9 1169807 35905 61467 25 11 16 12 23 0 13 0
31 1169885 35826 61470 26 11 19 11 20 1 12 0
31.1 1169431 36279 61472 26 11 22 10 19 1 10 1
31.2 1169269 36438 61464 20 10 20 11 24 0 13 2
31.3 1169145 36560 61469 27 9 19 11 15 1 16 2
31.4 1168162 37542 61468 25 9 20 11 15 2 17 1
31.5 1168969 36736 61466 20 9 23 11 21 3 12 1
31.6 1168870 36831 61471 23 8 24 13 16 2 13 1
31.7 1168847 36858 61468 26 7 20 12 16 3 15 1
31.8 1168007 37699 61462 19 9 20 11 24 1 14 2
31.9 1168322 37389 61463 22 11 16 11 25 0 14 1
32 1169060 36651 61470 29 11 16 11 17 1 15 0
32.1 1169440 36272 61461 22 10 15 11 27 0 13 2
32.2 1169878 35832 61475 31 9 19 13 16 1 11 0
32.3 1169697 36016 61460 24 12 12 9 23 1 18 1
32.4 1168653 37056 61461 18 11 20 9 25 2 14 1
32.5 1169097 36618 61475 32 13 19 8 16 1 10 1
32.6 1169417 36296 61469 31 11 15 9 16 2 15 1
32.7 1169411 36304 61464 23 11 18 9 25 3 11 0
32.8 1169908 35808 61469 29 12 14 11 22 0 12 0
32.9 1170164 35546 61467 28 10 15 11 19 0 15 2
33 1169474 36234 61464 21 8 22 10 21 5 13 0
33.1 1167261 38449 61466 24 14 18 7 17 2 18 0
33.2 1167748 37963 61466 19 15 22 7 23 1 13 0
33.3 1167871 37843 61466 20 16 21 6 24 1 12 0
33.4 1167842 37867 61473 24 15 27 4 15 1 12 2
33.5 1167795 37912 61467 24 11 21 8 16 2 17 1
33.6 1168129 37580 61467 26 12 19 7 14 3 19 0
33.7 1167670 38042 61472 23 13 26 7 21 1 8 1
33.8 1167895 37814 61468 25 12 20 8 16 2 17 0
33.9 1168358 37350 61471 28 12 20 8 14 1 15 2
34 1168300 37410 61466 28 11 15 9 16 2 18 1
34.1 1168968 36742 61474 31 12 18 10 16 0 10 3
34.2 1169714 35997 61468 26 12 15 12 21 1 13 0
34.3 1169600 36109 61464 23 13 19 6 19 3 14 3
34.4 1169612 36106 61473 29 14 19 8 22 2 5 1
34.5 1170459 35258 61474 33 13 15 10 18 2 9 0
34.6 1170386 35330 61463 28 12 9 11 24 1 14 1
34.7 1170436 35272 61468 27 11 16 11 18 1 14 2
34.8 1170533 35181 61469 28 13 16 9 19 3 12 0
34.9 1170167 35543 61474 26 14 20 11 19 0 10 0
35 1169851 35857 61465 21 13 17 11 22 1 15 0
35.1 1168751 36956 61457 18 11 14 11 25 1 19 1
35.2 1168248 37461 61467 25 14 17 8 17 1 17 1
35.3 1168848 36864 61463 18 17 20 5 25 0 13 2
35.4 1168111 37594 61470 21 14 23 9 17 1 15 0
35.5 1168053 37654 61469 27 12 17 10 15 1 17 1
35.6 1168137 37575 61466 28 14 13 8 17 0 19 1
35.7 1167881 37826 61462 21 12 16 10 20 1 20 0
35.8 1168112 37590 61467 21 9 23 11 17 1 17 1
35.9 1166580 39127 61465 22 13 19 8 18 0 19 1
36 1166239 39465 61463 17 12 23 8 20 1 18 1
36.1 1167451 38256 61474 21 13 29 8 18 0 11 0
36.2 1166699 39010 61465 19 13 22 8 22 0 16 0
36.3 1167733 37978 61474 28 12 21 10 17 0 12 0
36.4 1168144 37563 61468 26 10 19 10 17 0 16 2
36.5 1167641 38066 61472 22 12 24 11 20 0 11 0
36.6 1168264 37447 61465 24 10 18 10 21 3 14 0
36.7 1168837 36872 61464 24 9 18 10 21 2 14 2
36.8 1168806 36898 61471 29 7 20 12 15 0 13 4
36.9 1169610 36098 61469 28 6 18 14 21 0 10 3
37 1169464 36241 61473 30 7 19 14 15 0 13 2
37.1 1169433 36272 61468 22 8 21 14 21 1 13 0
37.2 1169239 36474 61469 28 9 21 8 20 2 9 3
37.3 1169194 36521 61468 28 11 18 8 20 3 11 1
37.4 1169336 36382 61463 25 12 15 8 26 2 11 1
37.5 1169987 35727 61467 25 13 18 8 21 2 13 0
37.6 1169599 36112 61472 29 14 18 8 15 0 15 1
37.7 1169863 35849 61469 26 12 18 10 20 1 13 0
37.8 1169511 36206 61472 31 13 17 8 19 1 10 1
37.9 1170021 35694 61463 23 13 18 6 24 2 12 2
38 1169924 35788 61474 25 14 23 9 20 0 9 0
38.1 1169673 36041 61469 24 16 22 4 18 3 13 0
38.2 1169253 36458 61476 23 16 30 4 16 3 8 0
38.3 1168876 36832 61470 25 13 22 7 14 3 16 0
38.4 1168814 36891 61463 16 13 25 6 20 3 16 1
38.5 1165702 40000 61465 18 12 22 10 19 0 18 1
38.6 1164925 40777 61462 20 13 18 8 16 0 23 2
38.7 1165688 40012 61472 18 13 28 10 16 0 15 0
38.8 1165913 39788 61460 16 12 18 11 20 0 23 0
38.9 1165491 40211 61467 23 10 19 12 16 0 19 1
39 1167092 38619 61463 30 6 13 11 18 3 17 2
39.1 1168254 37458 61470 30 11 17 9 17 0 14 2
39.2 1168771 36942 61468 29 11 14 11 19 1 15 0
39.3 1169541 36167 61468 30 9 14 12 14 3 18 0
39.4 1168862 36847 61462 23 11 17 8 21 2 15 3
39.5 1169191 36513 61464 23 11 16 11 17 1 20 1
39.6 1168790 36919 61464 24 10 17 10 19 4 16 0
39.7 1168192 37514 61461 20 11 18 9 20 3 18 1
39.8 1168514 37197 61475 22 17 26 7 20 0 8 0
39.9 1169410 36301 61470 30 13 17 7 14 2 15 2
40 1169365 36346 61470 24 15 19 9 20 0 13 0
40.1 1169792 35922 61478 28 16 23 8 18 0 7 0
40.2 1169762 35948 61460 20 14 16 7 23 1 17 2
40.3 1169839 35870 61464 25 11 17 8 20 1 14 4
40.4 1169533 36172 61471 21 11 26 10 20 0 10 2
40.5 1169815 35898 61466 29 10 18 6 18 2 13 4
40.6 1168801 36910 61459 21 10 16 9 23 3 18 0
40.7 1168736 36976 61465 20 16 22 4 21 1 15 1
40.8 1167041 38671 61458 20 15 16 4 20 3 22 0
40.9 1167183 38528 61470 29 14 17 7 13 2 18 0
41 1167291 38423 61465 23 16 19 4 21 1 14 2
41.1 1168411 37304 61470 26 16 19 6 19 1 13 0
41.2 1168019 37692 61466 28 14 14 7 15 1 20 1
41.3 1167208 38498 61469 26 12 19 9 14 1 18 1
41.4 1167047 38661 61466 24 12 19 8 16 3 18 0
41.5 1167726 37988 61475 28 15 22 7 17 1 10 0
41.6 1168578 37137 61475 31 14 20 7 16 1 10 1
41.7 1167902 37809 61467 25 14 18 7 17 2 17 0
41.8 1168578 37133 61471 24 13 23 8 20 1 10 1
41.9 1169084 36635 61466 28 12 16 7 22 4 11 0
42 1169351 36366 61472 31 14 17 7 18 1 11 1
42.1 1169381 36334 61459 25 10 12 9 24 3 16 1
42.2 1169879 35839 61469 30 13 14 9 21 0 13 0
42.3 1170155 35564 61466 27 12 15 9 25 1 11 0
42.4 1170357 35357 61474 35 12 16 8 11 1 17 0
42.5 1169052 36660 61467 22 9 23 10 24 2 10 0
42.6 1169483 36228 61468 23 10 23 9 21 2 12 0
42.7 1167799 37911 61460 19 12 20 6 22 2 18 1
42.8 1166705 39002 61461 20 11 20 7 19 2 20 1
42.9 1166513 39199 61465 23 15 18 6 19 0 19 0
43 1166641 39076 61461 26 13 14 5 21 2 18 1
43.1 1166793 38923 61457 24 12 12 6 23 2 20 1
43.2 1167582 38134 61470 30 10 19 8 18 3 12 0
43.3 1168565 37152 61467 29 11 15 9 21 1 14 0
43.4 1169195 36517 61462 24 9 17 9 21 3 17 0
43.5 1167765 37945 61456 19 10 16 8 25 1 19 2
43.6 1168022 37690 61466 28 10 14 11 19 0 18 0
43.7 1168087 37621 61468 24 8 20 13 21 0 14 0
43.8 1168430 37277 61466 28 7 15 13 16 0 21 0
43.9 1167942 37766 61470 27 7 21 12 18 0 14 1
44 1168829 36882 61466 24 8 19 12 23 0 14 0
44.1 1168320 37393 61458 25 9 14 7 21 2 20 2
44.2 1168652 37065 61459 25 9 13 9 26 1 16 1
44.3 1169436 36284 61471 33 11 15 9 20 0 12 0
44.4 1169990 35730 61458 22 11 17 5 29 2 12 2
44.5 1170297 35425 61465 31 11 15 5 21 3 13 1
44.6 1170271 35449 61469 32 13 17 4 18 1 13 2
44.7 1169744 35973 61469 31 13 15 7 17 0 17 0
44.8 1169230 36488 61464 26 13 17 5 22 1 15 1
44.9 1169450 36264 61475 30 10 24 8 17 1 9 1
45 1169483 36232 61468 28 10 18 9 21 0 13 1
45.1 1169838 35878 61474 32 9 21 9 18 1 9 1
45.2 1170226 35492 61474 36 8 16 11 17 1 11 0
45.3 1170423 35302 61465 35 4 14 9 24 5 8 1
45.4 1170655 35067 61470 35 6 16 10 22 2 8 1
45.5 1170624 35097 61464 30 10 12 9 25 1 12 1
45.6 1170790 34928 61459 26 10 12 8 26 1 15 2
45.7 1170117 35600 61465 24 13 17 8 25 0 13 0
45.8 1169887 35825 61474 28 13 23 7 16 0 12 1
45.9 1169993 35718 61467 23 9 23 9 22 2 11 1
46 1168806 36902 61463 25 8 16 11 18 2 20 0
46.1 1167130 38573 61465 23 10 21 8 14 1 21 2
46.2 1166025 39687 61459 24 7 15 10 24 1 17 2
46.3 1166769 38939 61471 31 7 18 12 13 1 18 0
46.4 1167475 38242 61466 27 10 17 9 24 0 12 1
46.5 1168613 37105 61464 29 9 14 9 23 1 14 1
46.6 1169028 36696 61470 36 10 13 8 21 1 10 1
46.7 1170173 35548 61460 23 9 17 8 31 2 9 1
46.8 1170309 35413 61456 25 9 11 8 30 1 15 1
46.9 1170280 35443 61469 33 10 14 9 23 0 11 0
47 1169728 35992 61464 29 11 16 5 21 2 15 1
47.1 1170091 35629 61460 21 13 18 5 28 1 14 0
47.2 1169673 36045 61463 24 11 21 4 24 1 13 2
47.3 1169605 36112 61459 26 7 16 7 23 3 17 1
47.4 1169511 36213 61464 32 7 14 8 24 3 12 0
47.5 1169864 35860 61472 34 11 18 6 20 1 10 0
47.6 1169896 35823 61463 29 8 14 9 23 2 15 0
47.7 1170379 35340 61467 33 9 15 7 19 2 13 2
47.8 1170030 35686 61464 30 9 13 9 21 0 16 2
47.9 1169478 36233 61463 26 7 16 11 22 0 16 2
48 1169360 36353 61469 29 8 18 11 19 1 14 0
48.1 1169132 36576 61475 29 6 25 12 16 1 10 1
48.2 1168276 37429 61472 27 8 22 12 14 0 17 0
48.3 1168481 37229 61455 15 7 21 9 28 4 16 0
48.4 1168012 37694 61468 28 7 18 12 14 1 20 0
48.5 1166933 38775 61464 22 8 22 9 20 2 16 1
48.6 1166728 38983 61467 22 10 26 6 21 2 11 2
48.7 1167619 38094 61462 19 11 23 6 24 3 14 0
48.8 1167970 37736 61466 17 13 28 5 19 1 16 1
48.9 1167101 38608 61469 25 12 23 6 15 1 17 1
49 1167367 38344 61470 26 13 20 8 17 0 16 0
49.1 1167324 38387 61473 25 13 24 8 18 0 12 0
49.2 1167015 38689 61471 23 12 27 6 14 0 15 3
49.3 1165981 39722 61465 20 9 23 10 18 1 18 1
49.4 1165967 39742 61464 22 11 22 6 19 1 17 2
49.5 1166192 39513 61460 19 10 20 8 19 1 22 1
49.6 1166325 39379 61467 17 9 31 7 19 3 13 1
49.7 1166316 39389 61473 22 9 30 9 16 2 12 0
49.8 1167251 38449 61470 23 8 25 11 13 0 19 1
49.9 1166310 39391 61473 22 7 28 13 16 0 14 0
50 1166503 39202 61468 28 6 21 10 13 2 18 2
