t ca2er ca2i ip3 s000 s001 s010 s011 s100 s101 s110 s111
0 1053875 151801 61468 10 6 31 19 9 0 24 2
0.1 1079178 126503 61467 13 11 25 16 6 1 29 0
0.2 1103887 101800 61478 15 12 33 16 10 1 14 0
0.3 1123797 81889 61470 16 10 27 15 11 0 18 4
0.4 1140765 64921 61471 11 8 33 17 15 2 14 1
0.5 1150246 55443 61467 18 8 22 17 12 1 21 2
0.6 1156835 48858 61464 15 10 25 12 16 2 17 4
0.7 1160052 45638 61463 15 11 18 17 14 0 26 0
0.8 1159862 45834 61475 23 12 24 14 11 0 15 2
0.9 1163332 42361 61464 20 6 16 20 15 1 23 0
1 1164339 41359 61471 21 10 22 16 16 0 15 1
1.1 1165624 40075 61471 21 12 23 13 14 1 16 1
1.2 1165264 40433 61465 16 12 21 14 18 0 19 1
1.3 1165778 39920 61462 17 12 20 11 15 2 23 1
1.4 1165981 39724 61473 27 15 20 9 11 1 16 2
1.5 1167043 38663 61469 23 12 21 11 17 2 14 1
1.6 1166787 38918 61463 21 13 20 7 16 3 18 3
1.7 1167766 37937 61482 29 12 29 10 7 3 10 1
1.8 1168364 37341 61461 23 8 17 11 16 6 19 1
1.9 1167041 38662 61464 17 14 20 11 19 2 18 0
2 1167485 38221 61477 29 16 20 10 9 1 16 0
2.1 1166719 38990 61466 22 17 16 9 19 0 17 1
2.2 1167041 38668 61469 23 15 18 11 19 1 14 0
2.3 1168019 37690 61465 21 16 18 8 19 1 17 1
2.4 1167739 37972 61461 22 13 14 10 22 2 17 1
2.5 1168481 37228 61462 20 13 19 8 21 3 15 2
2.6 1168929 36778 61459 15 12 19 11 26 2 15 1
2.7 1168948 36754 61470 23 12 20 13 15 0 17 1
2.8 1168753 36952 61467 21 12 22 10 18 2 14 2
2.9 1168577 37128 61473 24 15 23 9 13 1 15 1
3 1166614 39084 61467 19 13 22 11 13 1 21 1
3.1 1164642 41056 61468 19 13 24 10 12 2 20 1
3.2 1165918 39783 61470 17 12 28 11 18 2 12 1
3.3 1167514 38196 61461 17 14 20 8 24 3 14 1
3.4 1168730 36985 61466 23 14 17 10 24 1 12 0
3.5 1169212 36501 61463 23 13 16 9 23 1 14 2
3.6 1169113 36598 61467 24 15 18 8 18 2 15 1
3.7 1168573 37137 61464 19 15 21 7 22 2 13 2
3.8 1168568 37144 61472 26 18 19 7 16 0 14 1
3.9 1168933 36778 61463 21 12 19 9 22 4 13 1
4 1169258 36452 61471 25 15 19 10 17 0 15 0
4.1 1169316 36396 61461 25 12 14 8 18 4 19 1
4.2 1168650 37054 61460 16 11 20 11 21 3 19 0
4.3 1167309 38396 61469 21 14 24 8 15 2 16 1
4.4 1166658 39041 61476 22 10 31 11 10 4 13 0
4.5 1165643 40059 61463 18 11 22 10 16 4 20 0
4.6 1165924 39784 61466 24 11 17 12 18 2 17 0
4.7 1166927 38783 61467 26 10 16 13 20 1 14 1
4.8 1167848 37855 61459 19 9 15 14 22 0 20 2
4.9 1168557 37152 61461 21 10 14 14 24 1 17 0
5 1168901 36808 61472 26 10 22 12 18 2 10 1
5.1 1169960 35750 61470 26 11 17 14 20 0 13 0
5.2 1170042 35672 61468 24 16 16 10 22 0 13 0
5.3 1170519 35193 61467 26 13 15 11 20 1 14 1
5.4 1170095 35620 61463 24 12 15 10 24 3 12 1
5.5 1170414 35297 61455 19 11 13 10 27 3 15 3
5.6 1170537 35172 61466 19 15 22 8 22 2 11 2
5.7 1170045 35665 61466 26 12 15 11 19 1 15 2
5.8 1169541 36172 61464 25 13 14 10 21 2 15 1
5.9 1169549 36162 61465 23 14 15 11 21 2 15 0
6 1169010 36700 61471 28 14 15 12 17 1 13 1
6.1 1169876 35838 61467 28 9 17 11 20 6 9 1
6.2 1170487 35230 61475 33 13 18 9 16 3 8 1
6.3 1169821 35889 61469 22 16 19 10 20 0 14 0
6.4 1169548 36165 61467 26 12 17 10 19 4 13 0
6.5 1169710 35999 61466 26 12 16 10 16 3 17 1
6.6 1169643 36068 61465 22 15 17 9 21 1 15 1
6.7 1169913 35797 61471 26 14 18 11 17 1 14 0
6.8 1170167 35545 61473 30 12 18 11 15 3 12 0
6.9 1170410 35304 61457 21 11 15 8 25 5 14 2
7 1170428 35286 61466 26 15 15 8 20 1 14 2
7.1 1170414 35295 61469 29 11 16 11 15 2 15 2
7.2 1169980 35729 61455 15 14 17 7 27 1 16 4
7.3 1169231 36483 61468 26 13 18 9 19 3 13 0
7.4 1169102 36615 61465 29 16 9 9 19 0 19 0
7.5 1169175 36544 61471 31 15 16 7 19 1 10 2
7.6 1169686 36031 61466 25 15 15 9 23 1 13 0
7.7 1169596 36121 61464 26 16 14 6 20 2 16 1
7.8 1168687 37026 61469 21 16 22 8 22 1 11 0
7.9 1169056 36655 61473 26 16 21 8 15 1 14 0
8 1168883 36824 61464 20 11 20 11 21 2 15 1
8.1 1169191 36514 61464 17 13 21 11 21 1 17 0
8.2 1169186 36524 61470 24 16 22 6 16 1 14 2
8.3 1168820 36892 61470 25 14 20 9 18 2 13 0
8.4 1168836 36880 61470 24 16 22 6 21 2 9 1
8.5 1169351 36367 61465 29 15 12 7 19 2 16 1
8.6 1169331 36389 61469 28 17 16 6 20 3 11 0
8.7 1170162 35554 61464 24 16 15 7 22 2 14 1
8.8 1169733 35990 61469 32 17 11 7 20 2 12 0
8.9 1170246 35475 61464 28 18 10 6 21 2 16 0
9 1170721 34995 61473 32 15 16 8 15 2 12 1
9.1 1170654 35058 61467 25 16 15 9 18 1 17 0
9.2 1168773 36934 61469 25 16 19 7 13 0 19 2
9.3 1167846 37859 61465 20 14 19 10 17 0 21 0
9.4 1166159 39552 61465 23 13 19 8 20 0 16 2
9.5 1166873 38840 61473 30 12 20 9 14 2 14 0
9.6 1168271 37441 61465 24 14 18 7 19 1 16 2
9.7 1168596 37115 61469 22 15 22 8 19 0 15 0
9.8 1167140 38564 61472 24 12 24 10 12 1 18 0
9.9 1167329 38376 61468 20 13 22 11 18 0 17 0
10 1166559 39144 61473 24 13 24 10 12 0 17 1
10.1 1166886 38819 61465 22 10 19 12 17 2 19 0
10.2 1167157 38551 61467 23 11 20 11 19 1 15 1
10.3 1167992 37718 61467 25 13 16 11 18 0 18 0
10.4 1167457 38250 61467 27 13 16 9 13 0 21 2
10.5 1167614 38097 61465 22 12 18 11 22 1 15 0
10.6 1167958 37758 61463 28 11 15 7 20 3 14 3
10.7 1168600 37110 61464 24 12 17 9 19 2 16 2
10.8 1169284 36423 61468 17 14 24 11 23 0 12 0
10.9 1167997 37708 61470 20 14 23 11 18 0 15 0
11 1168210 37500 61465 20 16 20 7 20 1 16 1
11.1 1168728 36986 61469 26 14 20 7 19 2 11 2
11.2 1168847 36865 61470 23 14 20 11 22 0 11 0
11.3 1168845 36868 61468 30 11 15 10 16 2 16 1
11.4 1169193 36519 61468 23 15 20 8 20 0 14 1
11.5 1169167 36545 61458 17 13 19 7 25 3 16 1
11.6 1169141 36572 61474 30 12 22 8 13 3 13 0
11.7 1168076 37634 61469 24 12 24 7 16 3 14 1
11.8 1167845 37868 61472 25 15 24 6 17 1 12 1
11.9 1167676 38035 61478 31 14 23 8 10 1 14 0
12 1167549 38159 61468 22 12 24 8 17 2 15 1
12.1 1167696 38013 61459 16 15 20 6 21 2 21 0
12.2 1167086 38617 61472 23 13 25 9 12 0 18 1
12.3 1166372 39336 61461 20 12 18 9 20 0 21 1
12.4 1165058 40649 61460 24 7 19 8 14 6 22 1
12.5 1164397 41311 61456 17 12 18 7 21 2 23 1
12.6 1165623 40079 61463 17 7 24 13 20 2 18 0
12.7 1166818 38890 61464 19 7 23 13 24 2 13 0
12.8 1167420 38287 61465 21 8 21 13 22 0 15 1
12.9 1168326 37385 61470 29 7 19 13 18 1 13 1
13 1169550 36164 61466 25 9 16 14 25 0 12 0
13.1 1169525 36191 61477 34 9 19 13 18 1 6 1
13.2 1169696 36013 61465 25 10 16 12 20 0 16 2
13.3 1169330 36380 61468 25 9 20 12 19 3 13 0
13.4 1168800 36909 61464 21 12 19 10 22 0 15 2
13.5 1168649 37059 61468 29 11 16 10 13 1 19 2
13.6 1168009 37699 61469 29 11 14 13 14 0 20 0
13.7 1168518 37187 61464 19 11 21 11 21 0 16 2
13.8 1168520 37186 61468 23 11 21 11 17 1 16 1
13.9 1168535 37175 61465 25 10 15 13 21 1 15 1
14 1168756 36956 61463 23 12 18 8 22 1 14 3
14.1 1169387 36326 61465 27 9 18 9 18 5 14 1
14.2 1168955 36759 61465 22 14 19 8 23 1 13 1
14.3 1168978 36732 61470 25 13 22 8 18 0 12 3
14.4 1168639 37069 61469 27 10 20 10 14 3 16 1
14.5 1167972 37733 61466 22 9 20 13 19 1 16 1
14.6 1168016 37686 61474 23 10 26 13 15 1 12 1
14.7 1166842 38859 61464 18 12 23 9 16 2 19 2
14.8 1166798 38910 61469 26 10 23 8 14 5 13 2
14.9 1167941 37766 61466 19 12 21 12 22 1 14 0
15 1167405 38297 61476 28 12 23 11 9 0 16 2
15.1 1168767 36936 61468 24 6 24 12 18 1 11 5
15.2 1168186 37519 61461 25 8 12 14 18 0 22 2
15.3 1167854 37849 61483 33 9 26 13 6 1 12 1
15.4 1167219 38486 61470 21 13 25 9 17 0 14 2
15.5 1167891 37819 61456 17 12 17 8 24 3 19 1
15.6 1168251 37460 61461 21 14 16 8 21 1 19 1
15.7 1168083 37626 61478 28 15 25 8 12 0 12 1
15.8 1166518 39191 61461 21 15 16 7 17 2 23 0
15.9 1166131 39586 61469 23 20 22 2 19 0 14 1
16 1166715 39002 61471 27 18 20 4 16 0 16 0
16.1 1167557 38160 61462 23 14 18 5 21 3 17 0
16.2 1168270 37445 61469 23 14 23 7 22 0 11 1
16.3 1168806 36912 61467 32 12 15 6 16 1 17 2
16.4 1168838 36878 61466 31 11 15 7 15 2 19 1
16.5 1168296 37424 61463 25 13 16 7 24 1 15 0
16.6 1168588 37133 61467 26 15 18 6 23 0 13 0
16.7 1169204 36514 61464 30 11 14 7 18 2 18 1
16.8 1168328 37389 61469 29 12 21 5 16 2 15 1
16.9 1168816 36903 61460 19 11 20 8 30 1 12 0
17 1169173 36546 61466 26 14 19 5 21 0 15 1
17.1 1168538 37179 61465 23 13 20 7 23 0 15 0
17.2 1167528 38188 61460 25 12 15 6 20 1 21 1
17.3 1167160 38557 61463 23 10 23 5 23 2 13 2
17.4 1167490 38231 61464 30 10 15 7 20 2 17 0
17.5 1167717 38002 61469 31 11 20 5 16 2 15 1
17.6 1167412 38303 61463 27 9 18 7 18 2 19 1
17.7 1167024 38682 61470 26 8 23 11 14 0 18 1
17.8 1167342 38371 61469 24 8 23 12 23 0 11 0
17.9 1168479 37239 61459 24 7 17 9 27 1 14 2
18 1169353 36373 61462 31 9 11 9 27 0 13 1
18.1 1169971 35754 61467 30 8 18 9 28 0 6 2
18.2 1170491 35231 61472 35 7 17 11 20 1 10 0
18.3 1170489 35230 61464 26 9 19 8 25 0 12 2
18.4 1170371 35352 61468 29 12 18 7 23 0 12 0
18.5 1170000 35721 61473 34 11 19 7 17 0 12 1
18.6 1169385 36328 61473 32 8 22 9 13 1 15 1
18.7 1168422 37295 61458 23 7 18 8 24 4 17 0
18.8 1168668 37053 61472 35 9 16 10 18 0 13 0
18.9 1168981 36741 61470 33 11 16 8 19 0 14 0
19 1169582 36138 61474 34 9 21 8 17 1 10 1
19.1 1169317 36401 61464 26 8 20 8 23 2 13 1
19.2 1168851 36868 61461 21 14 19 5 25 0 17 0
19.3 1167592 38121 61460 22 12 19 5 19 1 22 1
19.4 1166554 39162 61463 26 10 19 6 18 3 19 0
19.5 1166262 39453 61464 18 14 26 4 24 1 13 1
19.6 1167386 38335 61465 30 13 14 6 19 1 18 0
19.7 1167671 38049 61469 30 11 21 5 18 3 12 1
19.8 1168017 37703 61466 25 9 22 8 25 3 9 0
19.9 1168008 37711 61464 24 12 20 6 23 2 14 0
20 1168954 36767 61460 20 15 18 5 28 0 15 0
20.1 1169310 36410 61468 29 10 19 8 21 2 12 0
20.2 1169004 36720 61465 27 13 17 6 26 0 11 1
20.3 1169930 35790 61465 25 11 20 7 25 1 11 1
20.4 1170290 35428 61478 36 11 21 8 13 0 11 1
20.5 1170258 35463 61477 37 11 19 8 14 2 10 0
20.6 1170413 35310 61468 35 11 11 9 19 1 15 0
20.7 1170664 35062 61466 31 11 15 7 25 2 9 1
20.8 1170983 34739 61469 33 13 14 7 19 0 14 1
20.9 1170861 34861 61455 21 11 13 8 31 2 15 0
21 1170415 35306 61457 24 10 15 6 28 2 13 3
21.1 1170171 35553 61459 28 11 11 7 26 1 16 1
21.2 1170356 35368 61459 27 10 15 5 26 3 13 2
21.3 1170176 35549 61461 31 11 13 4 23 2 14 3
21.4 1170262 35462 61470 32 12 18 6 21 1 10 1
21.5 1170148 35572 61459 28 10 10 9 24 0 19 1
21.6 1170217 35502 61469 29 9 19 10 22 1 11 0
21.7 1170066 35654 61448 18 10 11 7 32 2 20 1
21.8 1169749 35973 61458 23 11 17 5 28 2 13 2
21.9 1169776 35940 61472 29 7 24 10 19 3 9 0
22 1169572 36145 61464 29 9 16 8 20 1 16 2
22.1 1169887 35832 61463 21 11 22 7 28 1 10 1
22.2 1168820 36898 61463 29 11 13 8 20 0 19 1
22.3 1168787 36933 61463 27 11 15 8 23 1 16 0
22.4 1169183 36537 61466 28 11 18 7 21 2 14 0
22.5 1168165 37553 61468 27 11 23 5 18 5 12 0
22.6 1168821 36895 61461 24 11 18 6 22 2 16 2
22.7 1169614 36100 61481 33 12 26 8 12 0 9 1
22.8 1169726 35990 61460 24 10 18 6 22 3 16 2
22.9 1169272 36444 61464 25 10 20 7 22 1 14 2
23 1168078 37635 61468 28 12 21 5 14 1 18 2
23.1 1167562 38156 61467 26 10 21 8 22 2 12 0
23.2 1168426 37289 61464 26 8 20 8 19 4 16 0
23.3 1167640 38076 61459 23 11 16 7 24 0 18 2
23.4 1167947 37762 61470 29 9 20 10 12 2 19 0
23.5 1167344 38356 61466 22 8 23 11 13 0 22 2
23.6 1165301 40400 61456 20 5 17 12 17 2 26 2
23.7 1164566 41136 61458 16 6 22 12 22 1 20 2
23.8 1165611 40094 61474 29 6 23 14 12 1 16 0
23.9 1166037 39671 61463 22 9 18 12 20 0 20 0
24 1167124 38584 61467 22 7 22 14 22 0 14 0
24.1 1167947 37766 61468 33 8 14 11 15 0 18 2
24.2 1168865 36850 61465 31 8 15 9 18 1 16 3
24.3 1169222 36497 61472 34 9 17 10 18 1 11 1
24.4 1169681 36035 61464 24 10 19 9 23 2 14 0
24.5 1169970 35746 61463 25 8 18 10 23 2 15 0
24.6 1169852 35859 61469 25 9 23 10 19 0 14 1
24.7 1169606 36112 61474 31 9 21 11 20 0 9 0
24.8 1170015 35699 61468 31 7 17 11 17 1 16 1
24.9 1169509 36209 61461 23 10 18 8 26 1 14 1
25 1169238 36479 61467 29 12 18 6 17 1 17 1
25.1 1167610 38100 61464 18 14 26 4 18 2 19 0
25.2 1166689 39024 61464 20 14 25 3 18 3 18 0
25.3 1166473 39242 61453 20 14 14 3 22 2 24 2
25.4 1166329 39389 61465 28 13 17 5 17 2 19 0
25.5 1165823 39895 61462 21 13 23 3 23 3 14 1
25.6 1166764 38952 61458 18 10 22 6 28 2 13 2
25.7 1167610 38105 61458 20 13 16 7 24 0 21 0
25.8 1167274 38441 61469 30 11 19 7 14 1 19 0
25.9 1167136 38578 61468 27 11 22 6 16 1 17 1
26 1166403 39310 61467 20 11 27 7 23 0 12 1
26.1 1166482 39232 61463 25 10 20 6 18 2 19 1
26.2 1165555 40156 61459 17 12 22 6 23 0 20 1
26.3 1164714 41000 61461 23 10 20 6 20 2 19 1
26.4 1165188 40523 61466 19 11 25 9 23 0 14 0
26.5 1166334 39379 61465 20 11 24 8 23 1 14 0
26.6 1167084 38633 61460 19 11 21 7 28 1 13 1
26.7 1168265 37456 61478 35 15 22 4 13 0 11 1
26.8 1169511 36209 61472 33 10 21 6 16 3 11 1
26.9 1169686 36035 61466 27 10 20 7 24 2 10 1
27 1169119 36597 61482 32 13 28 7 13 0 8 0
27.1 1169518 36198 61469 29 12 18 8 17 0 17 0
27.2 1168670 37051 61465 29 11 18 5 21 2 13 2
27.3 1168971 36753 61474 37 10 20 5 14 3 12 0
27.4 1169390 36338 61459 24 13 16 4 31 0 12 1
27.5 1169843 35882 61465 32 8 14 9 25 0 12 1
27.6 1169909 35814 61469 34 8 17 8 20 1 12 1
27.7 1170169 35555 61462 23 9 20 8 31 1 9 0
27.8 1170146 35583 61467 34 8 15 8 26 1 8 1
27.9 1170690 35039 61460 24 10 18 6 33 2 8 0
28 1170160 35565 61466 27 11 20 6 26 1 10 0
28.1 1170324 35399 61464 26 11 18 7 26 0 13 0
28.2 1169963 35759 61467 30 11 18 6 20 1 15 0
28.3 1169828 35893 61474 35 8 21 8 16 1 12 0
28.4 1169553 36165 61477 35 9 23 8 13 0 13 0
28.5 1169388 36329 61464 25 7 21 9 23 0 16 0
28.6 1168804 36916 61458 24 5 17 10 28 1 16 0
28.7 1168479 37229 61460 20 4 24 10 20 3 20 0
28.8 1167820 37892 61460 25 8 18 7 18 1 22 2
28.9 1165950 39761 61457 20 7 20 8 22 2 21 1
29 1165614 40098 61460 21 7 22 8 21 2 20 0
29.1 1164019 41694 61461 27 7 19 6 15 3 23 1
29.2 1164652 41059 61457 21 6 22 6 20 3 21 2
29.3 1162948 42758 61464 20 7 27 8 17 1 20 1
29.4 1163431 42274 61458 16 6 25 9 21 1 22 1
29.5 1162205 43501 61455 20 6 17 10 18 1 29 0
29.6 1162925 42790 61464 25 7 22 8 21 1 16 1
29.7 1163370 42341 61466 23 8 26 7 18 1 17 1
29.8 1162949 42757 61465 22 9 25 7 14 0 23 1
29.9 1162540 43170 61469 26 9 25 7 14 0 19 1
30 1163355 42355 61463 21 9 23 8 19 0 21 0
30.1 1164871 40845 61465 24 10 22 7 21 0 17 0
30.2 1164454 41261 61463 26 10 21 4 17 1 20 2
30.3 1164872 40842 61470 30 7 24 7 14 2 16 1
30.4 1164354 41360 61464 24 9 21 8 20 0 19 0
30.5 1165710 40006 61468 25 10 24 7 20 0 15 0
30.6 1166648 39071 61473 36 8 20 7 13 1 15 1
30.7 1167286 38430 61463 28 6 18 9 20 1 18 1
30.8 1167634 38082 61466 28 8 21 7 18 1 17 1
30.9 1165352 40361 61461 24 7 21 7 19 1 21 1
31 1165186 40531 61463 29 9 16 7 17 1 22 0
31.1 1166141 39577 61464 27 10 19 6 20 1 17 1
31.2 1166966 38752 61456 22 5 18 9 28 3 15 1
31.3 1167792 37927 61463 30 8 16 7 19 2 18 1
31.4 1168819 36897 61469 30 9 21 7 16 1 16 1
31.5 1168513 37199 61467 27 6 23 9 17 1 17 1
31.6 1168319 37398 61465 29 6 19 9 20 1 16 1
31.7 1168362 37353 61467 28 8 21 8 18 0 17 1
31.8 1168886 36834 61467 28 9 19 9 24 0 11 1
31.9 1169446 36273 61464 27 11 17 7 22 0 16 1
32 1170053 35666 61469 29 10 20 8 21 0 12 1
32.1 1169982 35743 61458 30 10 9 7 24 1 20 0
32.2 1169989 35737 61467 31 11 16 7 24 0 12 0
32.3 1169434 36288 61464 28 10 18 6 22 1 16 0
32.4 1169588 36138 61460 29 10 16 3 24 2 15 2
32.5 1169459 36266 61466 28 11 21 4 23 2 12 0
32.6 1169497 36223 61465 25 13 22 3 21 0 16 1
32.7 1168238 37484 61464 29 12 18 3 18 2 19 0
32.8 1168191 37533 61469 32 13 18 4 18 0 16 0
32.9 1169019 36707 61469 33 13 19 2 19 0 13 2
33 1168260 37469 61464 31 12 15 4 24 1 14 0
33.1 1169237 36491 61466 32 12 17 3 23 0 12 2
33.2 1169412 36313 61464 25 11 21 5 27 1 11 0
33.3 1169066 36659 61457 28 9 15 3 24 3 17 2
33.4 1169600 36127 61467 35 10 16 4 19 2 14 1
33.5 1169205 36515 61462 23 8 23 6 26 2 12 1
33.6 1168008 37711 61463 27 10 21 3 20 1 16 3
33.7 1167988 37732 61463 24 11 21 5 24 0 15 1
33.8 1168073 37642 61464 23 7 22 10 24 1 14 0
33.9 1168906 36812 61464 29 7 17 9 21 1 16 1
34 1168508 37206 61459 23 6 18 10 24 1 18 1
34.1 1167988 37728 61464 22 9 22 9 25 0 14 0
34.2 1168602 37118 61473 32 9 24 6 17 1 11 1
34.3 1169015 36703 61463 26 7 20 8 22 2 16 0
34.4 1168459 37256 61465 27 8 23 5 18 1 16 3
34.5 1167314 38402 61460 25 7 19 7 22 1 18 2
34.6 1166669 39046 61467 26 7 23 9 20 1 15 0
34.7 1166829 38882 61467 28 6 22 9 14 2 20 0
34.8 1164376 41336 61463 25 7 22 7 17 2 20 1
34.9 1166110 39604 61463 24 6 23 8 20 3 17 0
35 1165565 40151 61461 20 9 23 7 25 1 16 0
35.1 1166039 39680 61467 28 11 20 6 19 0 17 0
35.2 1167109 38609 61463 26 8 22 5 20 2 17 1
35.3 1167179 38543 61470 29 11 23 5 20 0 13 0
35.4 1167797 37928 61467 30 10 21 4 22 1 12 1
35.5 1168481 37247 61459 27 13 15 2 26 0 17 1
35.6 1169337 36390 61464 31 9 16 6 25 0 13 1
35.7 1169344 36381 61465 30 10 16 7 24 0 14 0
35.8 1169304 36416 61466 29 8 20 7 20 2 15 0
35.9 1169177 36546 61463 29 11 15 6 22 0 18 0
36 1168679 37042 61461 25 9 19 6 24 2 16 0
36.1 1167715 38000 61461 25 8 21 5 20 1 18 3
36.2 1166790 38923 61470 24 10 28 6 18 0 14 1
36.3 1167159 38555 61470 27 10 25 6 16 0 16 1
36.4 1167016 38703 61458 27 10 14 5 21 0 22 2
36.5 1167045 38677 61462 26 9 19 6 24 2 15 0
36.6 1168135 37588 61464 28 10 20 4 22 2 14 1
36.7 1168236 37487 61463 31 13 13 4 18 0 22 0
36.8 1167925 37800 61464 30 13 16 3 21 0 17 1
36.9 1168845 36882 61464 33 12 14 3 20 1 17 1
37 1167994 37730 61456 22 10 19 3 28 3 15 1
37.1 1168466 37261 61460 30 10 15 3 22 4 17 0
37.2 1169382 36347 61474 35 11 22 4 20 3 6 0
37.3 1169960 35759 61453 24 7 15 5 26 2 18 4
37.4 1169454 36266 61464 28 8 18 8 24 1 12 2
37.5 1169210 36503 61461 20 7 21 11 27 0 14 1
37.6 1168870 36846 61473 31 9 22 9 17 0 12 1
37.7 1169046 36669 61460 22 8 19 9 25 1 16 1
37.8 1169179 36537 61454 23 6 14 9 26 2 19 2
37.9 1169274 36439 61469 24 6 25 12 23 2 9 0
38 1169240 36476 61454 21 7 14 10 28 2 18 1
38.1 1169503 36217 61472 35 9 18 8 17 1 11 2
38.2 1169874 35848 61461 30 7 14 8 24 3 13 2
38.3 1170176 35547 61469 33 9 17 8 21 2 10 1
38.4 1170533 35188 61465 28 10 17 8 24 1 12 1
38.5 1170224 35501 61461 31 11 10 7 25 1 14 2
38.6 1170319 35398 61468 26 9 20 11 25 0 9 1
38.7 1169846 35869 61474 33 10 21 8 14 1 12 2
38.8 1169436 36279 61460 25 11 14 8 21 1 20 1
38.9 1169322 36390 61465 25 10 23 5 19 1 13 5
39 1169344 36374 61469 31 9 17 10 20 1 12 1
39.1 1169435 36283 61461 22 10 17 10 28 1 13 0
39.2 1169025 36695 61467 30 13 15 7 19 1 16 0
39.3 1168504 37216 61461 25 13 17 4 22 3 16 1
39.4 1168453 37267 61467 28 12 20 5 21 2 11 2
39.5 1169163 36559 61465 21 14 22 6 29 1 8 0
39.6 1169700 36027 61460 25 12 16 5 31 2 8 2
39.7 1170301 35426 61460 28 12 12 6 29 1 11 2
39.8 1170305 35417 61471 30 14 18 7 21 0 11 0
39.9 1170387 35334 61477 41 12 14 8 11 0 14 1
40 1170068 35651 61461 24 12 17 6 23 3 16 0
40.1 1170157 35563 61469 22 16 25 4 24 1 9 0
40.2 1167824 37890 61459 21 14 18 4 21 1 20 2
40.3 1167636 38083 61469 29 14 20 4 16 0 18 0
40.4 1166719 38998 61457 19 11 21 4 25 2 18 1
40.5 1166621 39092 61460 21 11 19 7 21 0 22 0
40.6 1166245 39464 61462 23 10 21 6 16 1 22 2
40.7 1165959 39750 61466 22 12 22 8 17 0 20 0
40.8 1166397 39316 61465 25 9 20 9 21 0 15 2
40.9 1167679 38037 61465 26 8 20 9 22 2 13 1
41 1168856 36862 61461 23 9 20 7 27 1 11 3
41.1 1169660 36064 61462 30 8 13 9 27 1 11 2
41.2 1170451 35272 61464 28 10 17 7 26 1 10 2
41.3 1170050 35672 61457 27 10 11 7 24 3 19 0
41.4 1169707 36014 61466 26 11 19 8 25 1 11 0
41.5 1169367 36349 61465 28 9 16 10 20 1 17 0
41.6 1168501 37220 61467 32 10 15 8 21 0 13 2
41.7 1169165 36556 61476 36 13 18 7 14 0 13 0
41.8 1169371 36347 61462 28 11 14 7 19 1 21 0
41.9 1167842 37877 61456 18 10 20 6 29 3 15 0
42 1167717 38006 61465 27 13 18 5 23 1 14 0
42.1 1167842 37878 61469 32 12 18 5 16 1 16 1
42.2 1168533 37183 61467 30 11 18 6 15 1 19 1
42.3 1166988 38723 61467 24 13 22 6 15 0 21 0
42.4 1166954 38756 61464 19 11 27 5 19 2 17 1
42.5 1166079 39626 61458 18 8 22 8 19 2 22 2
42.6 1165078 40626 61464 23 8 22 9 14 1 22 2
42.7 1165547 40162 61460 16 8 26 8 26 0 14 3
42.8 1165984 39725 61462 22 5 22 11 20 2 19 0
42.9 1164794 40917 61465 27 8 19 9 15 1 22 0
43 1165563 40147 61468 25 6 25 10 17 2 16 0
43.1 1165499 40210 61458 22 6 20 8 20 1 21 3
43.2 1166000 39705 61469 27 4 24 12 15 0 16 3
43.3 1165519 40184 61461 18 4 23 14 22 0 19 1
43.4 1165530 40173 61465 23 6 23 11 15 0 21 2
43.5 1166320 39393 61471 32 7 20 10 14 0 17 1
43.6 1167437 38274 61465 24 8 23 8 18 1 18 1
43.7 1167205 38508 61463 22 11 21 7 20 0 20 0
43.8 1165652 40059 61464 22 9 24 7 19 1 18 1
43.9 1164535 41178 61464 25 8 19 10 20 1 18 0
44 1164704 41005 61458 17 8 21 10 24 1 20 0
44.1 1164600 41107 61462 22 10 22 6 16 0 22 3
44.2 1163422 42287 61460 17 8 25 8 23 2 17 1
44.3 1164872 40847 61455 18 9 19 7 31 2 14 1
44.4 1167110 38608 61469 29 10 20 8 19 1 14 0
44.5 1166994 38725 61463 27 8 18 8 23 2 14 1
44.6 1168277 37443 61465 29 10 17 7 22 0 14 2
44.7 1168920 36802 61462 27 10 15 8 26 0 14 1
44.8 1169076 36643 61477 34 10 22 9 16 0 10 0
44.9 1169324 36396 61472 37 9 15 9 15 0 15 1
45 1169089 36624 61463 29 4 18 10 18 3 17 2
45.1 1168592 37116 61468 28 8 20 10 14 0 19 2
45.2 1168086 37621 61455 16 9 17 11 25 0 22 1
45.3 1167000 38704 61466 25 8 18 13 14 1 22 0
45.4 1166942 38761 61458 18 9 17 12 19 1 25 0
45.5 1167197 38511 61466 26 9 19 10 15 2 19 1
45.6 1167996 37719 61469 23 15 24 5 20 0 13 1
45.7 1167028 38686 61463 27 11 15 8 17 2 21 0
45.8 1167275 38434 61469 25 11 22 9 15 1 18 0
45.9 1167849 37868 61464 29 14 17 2 14 3 20 2
46 1167583 38135 61462 21 14 21 4 23 2 16 0
46.1 1167304 38414 61468 25 13 22 6 21 1 13 0
46.2 1167813 37902 61472 31 11 21 7 14 1 15 1
46.3 1166894 38821 61463 26 12 16 7 18 0 22 0
46.4 1167187 38530 61462 23 11 19 7 24 0 16 1
46.5 1168081 37641 61467 29 12 18 6 21 1 14 0
46.6 1168559 37163 61469 28 15 20 4 20 1 13 0
46.7 1168650 37069 61464 25 14 18 5 22 0 16 1
46.8 1169274 36448 61468 30 12 16 8 23 0 11 1
46.9 1169752 35968 61468 27 12 20 7 24 0 9 2
47 1169084 36634 61465 26 13 18 6 20 2 16 0
47.1 1169221 36497 61461 18 14 21 6 29 0 12 1
47.2 1168844 36874 61467 30 10 17 8 20 1 13 2
47.3 1169708 36012 61465 30 9 13 11 23 2 13 0
47.4 1170045 35673 61464 28 11 15 8 22 2 13 2
47.5 1169956 35763 61470 27 14 18 9 23 0 10 0
47.6 1169921 35798 61466 32 11 12 9 18 3 16 0
47.7 1169547 36173 61466 28 12 17 7 21 3 13 0
47.8 1169905 35815 61464 22 14 20 6 26 2 11 0
47.9 1169532 36189 61458 23 13 15 5 27 2 14 2
48 1169641 36080 61461 27 14 13 5 23 1 16 2
48.1 1169207 36510 61478 34 13 22 7 12 2 11 0
48.2 1170018 35703 61465 23 13 19 8 28 1 9 0
48.3 1169343 36378 61462 25 15 14 6 25 0 15 1
48.4 1168954 36765 61462 24 10 17 9 27 2 11 1
48.5 1169196 36521 61471 31 10 18 10 18 2 12 0
48.6 1169678 36042 61466 29 11 16 8 22 1 13 1
48.7 1170007 35714 61479 37 10 19 11 17 0 7 0
48.8 1170618 35099 61469 31 6 17 13 21 2 11 0
48.9 1170634 35081 61465 29 6 17 11 21 2 13 2
49 1169664 36048 61465 28 8 17 10 19 0 16 3
49.1 1169267 36447 61472 27 12 24 7 18 0 11 2
49.2 1169171 36546 61463 28 6 17 10 21 5 14 0
49.3 1169448 36269 61464 24 9 20 9 26 1 10 2
49.4 1169539 36174 61470 32 7 18 11 15 2 15 1
49.5 1169122 36598 61468 35 10 13 8 18 0 14 3
49.6 1169890 35833 61473 36 11 17 7 17 2 10 1
49.7 1170011 35713 61466 31 13 14 6 23 0 12 2
49.8 1170395 35331 61463 30 15 12 4 24 1 13 2
49.9 1170532 35191 61465 28 14 16 5 24 1 11 2
50 1170279 35438 61460 24 8 16 10 25 4 14 0
